63 1079
95 599
119 374
159 215
183 435
187 243
215 1235
219 222
221 252
245 469
246 694
287 795
347 473
347 858
350 1370
365 429
373 1365
413 669
438 500
444 1452
469 965
476 984
485 1253
486 934
492 1260
567 663
670 1686
683 745
686 1678
693 1701
697 729
711 741
715 730
717 725
739 1699
791 819
807 869
811 931
813 821
915 918
915 921
933 937
948 952
977 1745
1055 1117
1079 1205
1085 1565
1141 1145
1175 1671
1203 1266
1227 1737
1241 1489
1268 1764
1307 1363
1309 1369
1333 1813
1372 1880
1433 1496
1559 1565
1590 1594
1613 1737
1637 1733
1689 1817
1714 1776
1734 1926
1834 1842
1865 1992
1930 1944
1932 1956
1937 1968
1985 2000
