1015 9 1 1 1015
1903 9 2 2 1903
1975 9 3 3 1975
1979 9 4 4 1979
2014 9 5 5 2014
2783 9 6 6 2783
3319 9 7 7 3319
3439 9 8 8 3439
3503 9 9 9 3503
3517 9 10 10 3517
3571 9 13 13 3571
3710 9 14 14 3710
4021 9 15 15 4021
4045 9 16 16 4045
4057 9 18 18 4057
4058 9 19 19 4058
4060 9 20 20 4060
4074 9 21 21 4074
4084 9 22 22 4084
4975 9 23 23 4975
5053 9 24 24 5053
5099 9 25 25 5099
5107 9 26 26 5107
5110 9 27 27 5110
5373 9 28 28 5373
5499 9 29 29 5499
5614 9 30 30 5614
5727 9 32 32 5727
5757 9 33 33 5757
5791 9 34 34 5791
5870 9 31 31 5870
5947 9 35 35 5947
5982 9 36 36 5982
6062 9 37 37 6062
6067 9 38 38 6067
6091 9 39 39 6091
6093 9 40 40 6093
6101 9 43 43 6101
6102 9 44 44 6102
6126 10 30 31 6126
6367 9 45 45 6367
6589 9 12 12 6589
6607 9 46 46 6607
6615 9 47 47 6615
6646 9 48 48 6646
6781 9 49 49 6781
6899 9 50 50 6899
6901 9 51 51 6901
7006 9 52 52 7006
7022 9 53 53 7022
7033 9 54 54 7033
7063 9 55 55 7063
7129 9 56 56 7129
7132 9 57 57 7132
7141 9 58 58 7141
7287 9 59 59 7287
7414 9 60 60 7414
7420 9 61 61 7420
7483 9 64 64 7483
7545 9 65 65 7545
7642 9 66 66 7642
7676 10 61 62 7676
7742 9 67 67 7742
7773 9 68 68 7773
7783 9 69 69 7783
7795 9 70 70 7795
7835 9 71 71 7835
7847 9 73 73 7847
7859 9 74 74 7859
7868 9 75 75 7868
7885 9 76 76 7885
7907 9 77 77 7907
7922 9 78 78 7922
7963 9 79 79 7963
7994 9 80 80 7994
8014 9 81 81 8014
8015 10 243 243 8015
8019 9 83 83 8019
8025 9 84 84 8025
8152 9 85 85 8152
8943 9 86 86 8943
9149 9 87 87 9149
9198 9 88 88 9198
9205 9 89 89 9205
9210 9 90 90 9210
9655 9 91 91 9655
9717 9 92 92 9717
9903 9 93 93 9903
9947 9 94 94 9947
9980 9 95 95 9980
10045 9 96 96 10045
10071 9 97 97 10071
10094 9 98 98 10094
10106 9 99 99 10106
10127 9 100 100 10127
10166 9 101 101 10166
10172 9 102 102 10172
10211 9 103 103 10211
10220 9 104 104 10220
10226 9 105 105 10226
10232 9 107 107 10232
10487 9 108 108 10487
10685 9 11 11 10685
10727 9 109 109 10727
10734 9 110 110 10734
10878 9 111 111 10878
10973 9 112 112 10973
10987 9 113 113 10987
11001 9 115 115 11001
11117 9 116 116 11117
11166 9 117 117 11166
11175 9 119 119 11175
11179 9 114 114 11179
11194 9 118 118 11194
11198 10 117 118 11198
11213 9 17 17 11213
11235 9 120 120 11235
11243 10 113 114 11243
11249 9 121 121 11249
11499 9 122 122 11499
11501 9 123 123 11501
11502 9 124 124 11502
11513 9 125 125 11513
11514 9 126 126 11514
11575 9 127 127 11575
11671 9 128 128 11671
11709 10 10 11 11709
11734 9 129 129 11734
11737 9 130 130 11737
11747 9 131 131 11747
11883 9 132 132 11883
11933 9 133 133 11933
11934 9 134 134 11934
12018 9 106 106 12018
12071 9 135 135 12071
12075 9 136 136 12075
12085 9 137 137 12085
12122 9 138 138 12122
12152 9 139 139 12152
12202 9 140 140 12202
12237 10 16 17 12237
12260 9 141 141 12260
12274 10 105 106 12274
12751 9 142 142 12751
12796 9 143 143 12796
12911 9 144 144 12911
12923 9 145 145 12923
12987 9 146 146 12987
12989 9 147 147 12989
13022 9 148 148 13022
13103 9 149 149 13103
13163 9 150 150 13163
13269 9 151 151 13269
13283 9 42 42 13283
13287 10 41 42 13287
13423 9 152 152 13423
13439 10 152 153 13439
13655 9 155 155 13655
13659 9 156 156 13659
13671 9 157 157 13671
13675 9 158 158 13675
13677 9 159 159 13677
13685 9 160 160 13685
13725 9 154 154 13725
13757 10 153 154 13757
13781 9 162 162 13781
13786 9 163 163 13786
13998 9 164 164 13998
14010 9 166 166 14010
14023 9 167 167 14023
14030 9 165 165 14030
14062 10 164 165 14062
14066 9 168 168 14066
14119 9 169 169 14119
14137 9 170 170 14137
14193 9 161 161 14193
14194 9 171 171 14194
14197 10 160 161 14197
14252 9 172 172 14252
14258 9 173 173 14258
14285 10 40 41 14285
14289 9 174 174 14289
14305 9 175 175 14305
14312 9 177 177 14312
14511 9 178 178 14511
14551 9 179 179 14551
14623 9 180 180 14623
14647 9 181 181 14647
14699 9 182 182 14699
14702 9 183 183 14702
14710 9 184 184 14710
14714 9 185 185 14714
14781 10 11 12 14781
14840 9 186 186 14840
14939 9 187 187 14939
14942 9 188 188 14942
14963 9 189 189 14963
14966 9 190 190 14966
15003 9 191 191 15003
15030 9 193 193 15030
15033 9 194 194 15033
15053 9 195 195 15053
15059 9 196 196 15059
15147 9 197 197 15147
15179 9 198 198 15179
15190 9 199 199 15190
15212 9 200 200 15212
15224 9 201 201 15224
15257 9 192 192 15257
15258 9 202 202 15258
15259 10 191 192 15259
15260 9 203 203 15260
15281 9 204 204 15281
15302 9 63 63 15302
15306 9 205 205 15306
15334 10 62 63 15334
15346 10 242 242 15346
15407 9 206 206 15407
15419 9 207 207 15419
15422 9 208 208 15422
15454 9 209 209 15454
15515 9 72 72 15515
15539 9 210 210 15539
15542 9 211 211 15542
15566 9 212 212 15566
15573 9 213 213 15573
15587 9 214 214 15587
15659 9 215 215 15659
15694 9 82 82 15694
15708 9 216 216 15708
15717 9 217 217 15717
15730 9 218 218 15730
15751 9 219 219 15751
15755 9 220 220 15755
15772 9 221 221 15772
15788 9 222 222 15788
15800 9 223 223 15800
15814 9 224 224 15814
15826 9 226 226 15826
15841 9 176 176 15841
15842 9 227 227 15842
15915 9 228 228 15915
15930 9 229 229 15930
15992 9 230 230 15992
16019 9 231 231 16019
16027 10 71 72 16027
16028 9 232 232 16028
16037 9 233 233 16037
16056 9 234 234 16056
16069 9 235 235 16069
16076 9 236 236 16076
16097 9 237 237 16097
16150 9 238 238 16150
16204 9 239 239 16204
16206 10 81 82 16206
16212 9 240 240 16212
16262 9 225 225 16262
16265 9 241 241 16265
16326 10 224 225 16326
16353 10 175 176 16353
