1015 9
1903 9
1975 9
1979 9
2014 9
2783 9
3319 9
3439 9
3503 9
3517 9
3571 9
3710 9
4021 9
4045 9
4057 9
4058 9
4060 9
4074 9
4084 9
4975 9
5053 9
5099 9
5107 9
5110 9
5373 9
5499 9
5614 9
5727 9
5757 9
5791 9
5870 9
5947 9
5982 9
6062 9
6067 9
6091 9
6093 9
6101 9
6102 9
6126 10
6367 9
6589 9
6607 9
6615 9
6646 9
6781 9
6899 9
6901 9
7006 9
7022 9
7033 9
7063 9
7129 9
7132 9
7141 9
7287 9
7414 9
7420 9
7483 9
7545 9
7642 9
7676 10
7742 9
7773 9
7783 9
7795 9
7835 9
7847 9
7859 9
7868 9
7885 9
7907 9
7922 9
7963 9
7994 9
8014 9
8015 10
8019 9
8025 9
8152 9
8943 9
9149 9
9198 9
9205 9
9210 9
9655 9
9717 9
9903 9
9947 9
9980 9
10045 9
10071 9
10094 9
10106 9
10127 9
10166 9
10172 9
10211 9
10220 9
10226 9
10232 9
10487 9
10685 9
10727 9
10734 9
10878 9
10973 9
10987 9
11001 9
11117 9
11166 9
11175 9
11179 9
11194 9
11198 10
11213 9
11235 9
11243 10
11249 9
11499 9
11501 9
11502 9
11513 9
11514 9
11575 9
11671 9
11709 10
11734 9
11737 9
11747 9
11883 9
11933 9
11934 9
12018 9
12071 9
12075 9
12085 9
12122 9
12152 9
12202 9
12237 10
12260 9
12274 10
12751 9
12796 9
12911 9
12923 9
12987 9
12989 9
13022 9
13103 9
13163 9
13269 9
13283 9
13287 10
13423 9
13439 10
13655 9
13659 9
13671 9
13675 9
13677 9
13685 9
13725 9
13757 10
13781 9
13786 9
13998 9
14010 9
14023 9
14030 9
14062 10
14066 9
14119 9
14137 9
14193 9
14194 9
14197 10
14252 9
14258 9
14285 10
14289 9
14305 9
14312 9
14511 9
14551 9
14623 9
14647 9
14699 9
14702 9
14710 9
14714 9
14781 10
14840 9
14939 9
14942 9
14963 9
14966 9
15003 9
15030 9
15033 9
15053 9
15059 9
15147 9
15179 9
15190 9
15212 9
15224 9
15257 9
15258 9
15259 10
15260 9
15281 9
15302 9
15306 9
15334 10
15346 10
15407 9
15419 9
15422 9
15454 9
15515 9
15539 9
15542 9
15566 9
15573 9
15587 9
15659 9
15694 9
15708 9
15717 9
15730 9
15751 9
15755 9
15772 9
15788 9
15800 9
15814 9
15826 9
15841 9
15842 9
15915 9
15930 9
15992 9
16019 9
16027 10
16028 9
16037 9
16056 9
16069 9
16076 9
16097 9
16150 9
16204 9
16206 10
16212 9
16262 9
16265 9
16326 10
16353 10
