1095 8014 15694
1015 1903 1975 1979 2014 2783 3319 3439 3503 3517 10685 6589 3571 3710 4021 4045 11213 4057 4058 4060
4074 4084 4975 5053 5099 5107 5110 5373 5499 5614 5870 5727 5757 5791 5947 5982 6062 6067 6091 6093
8196 13283 6101 6102 6367 6607 6615 6646 6781 6899 6901 7006 7022 7033 7063 7129 7132 7141 7287 7414
7420 288 15302 7483 7545 7642 7742 7773 7783 7795 7835 15515 7847 7859 7868 7885 7907 7922 7963 7994
8019 8025 8152 8943 9149 9198 9205 9210 9655 9717 9903 9947 9980 10045 10071 10094 10106 10127 10166 10172
10211 10220 10226 12018 10232 10487 10727 10734 10878 10973 10987 11179 11001 11117 11166 11194 11175 11235 11249 11499
11501 11502 11513 11514 11575 11671 11734 11737 11747 11883 11933 11934 12071 12075 12085 12122 12152 12202 12260 12751
12796 12911 12923 12987 12989 13022 13103 13163 13269 13725 13655 13659 13671 13675 13677 13685 14193 13781 13786 13998
14030 14010 14023 14066 14119 14137 14194 14252 14258 14289 14305 15841 14312 14511 14551 14623 14647 14699 14702 14710
14714 14840 14939 14942 14963 14966 15003 15257 15030 15033 15053 15059 15147 15179 15190 15212 15224 15258 15260 15281
15306 15407 15419 15422 15454 15539 15542 15566 15573 15587 15659 15708 15717 15730 15751 15755 15772 15788 15800 15814
16262 15826 15842 15915 15930 15992 16019 16028 16037 16056 16069 16076 16097 16150 16204 16212 16265 15346 13757
