1 2 5 4 11 3 7 6 9 8 10
1 2 11 3 5 4 9 7 8 6 10
1 2 11 3 7 5 6 4 9 8 10
1 2 11 3 9 5 6 7 8 4 10
1 2 11 3 9 6 8 5 7 4 10
1 2 11 5 3 4 7 6 9 8 10
1 2 11 5 9 7 8 6 10 3 4
1 2 11 7 9 8 10 3 5 4 6
1 2 11 7 9 8 10 5 6 3 4
1 2 11 9 10 3 6 4 7 5 8
1 2 11 9 10 3 7 6 5 4 8
1 2 11 9 10 5 6 7 8 3 4
1 2 11 9 10 6 8 5 7 3 4
1 2 11 9 10 7 8 3 5 4 6
1 3 2 4 11 5 9 7 8 6 10
1 3 2 4 11 7 8 9 10 5 6
1 3 2 4 11 9 10 5 7 6 8
1 3 2 5 4 6 11 7 8 9 10
1 3 2 5 4 8 6 9 7 10 11
1 3 2 5 4 9 8 7 6 10 11
1 3 2 6 4 7 5 8 11 9 10
1 3 2 7 5 6 4 9 8 10 11
1 3 2 7 6 5 4 8 11 9 10
1 3 2 8 10 4 11 7 9 5 6
1 3 2 9 5 6 7 10 11 8 4
1 3 2 9 6 8 5 7 4 10 11
1 3 7 6 9 8 10 2 4 11 5
1 4 2 5 3 8 10 6 11 7 9
1 4 2 7 6 9 8 10 5 3 11
1 5 3 4 2 7 8 6 11 9 10
1 5 3 4 2 8 11 7 6 9 10
1 5 3 4 2 9 7 10 11 8 6
1 5 4 3 2 6 11 8 10 7 9
1 7 3 4 5 6 2 8 11 9 10
1 7 3 4 5 6 2 9 8 10 11
1 7 4 6 3 5 2 8 11 9 10
1 7 4 6 3 5 2 9 8 10 11
1 9 3 6 4 7 5 8 2 10 11
1 9 3 7 6 5 4 8 2 10 11
1 9 5 7 6 8 3 4 2 10 11
1 9 7 8 3 4 5 6 2 10 11
1 9 7 8 4 6 3 5 2 10 11
