PROGRESS seen 46 expanded 2 overlap 73
PROGRESS seen 77 expanded 3 overlap 75
PROGRESS seen 121 expanded 4 overlap 78
PROGRESS seen 174 expanded 5 overlap 81
PROGRESS seen 221 expanded 6 overlap 83
PROGRESS seen 275 expanded 7 overlap 86
PROGRESS seen 342 expanded 8 overlap 88
PROGRESS seen 412 expanded 9 overlap 90
PROGRESS seen 477 expanded 10 overlap 91
PROGRESS seen 539 expanded 11 overlap 92
PROGRESS seen 605 expanded 12 overlap 93
PROGRESS seen 666 expanded 13 overlap 96
PROGRESS seen 729 expanded 14 overlap 97
PROGRESS seen 803 expanded 15 overlap 98
PROGRESS seen 880 expanded 16 overlap 99
PROGRESS seen 952 expanded 17 overlap 101
PROGRESS seen 1017 expanded 18 overlap 102
PROGRESS seen 1097 expanded 19 overlap 103
PROGRESS seen 1190 expanded 20 overlap 106
PROGRESS seen 1274 expanded 21 overlap 107
PROGRESS seen 1437 expanded 23 overlap 110
PROGRESS seen 1514 expanded 24 overlap 111
PROGRESS seen 2096 expanded 32 overlap 113
PROGRESS seen 2874 expanded 42 overlap 116
PROGRESS seen 3032 expanded 44 overlap 117
PROGRESS seen 3370 expanded 48 overlap 121
PROGRESS seen 5618 expanded 69 overlap 122
PROGRESS seen 5733 expanded 70 overlap 126
FOUND seen 5733 expanded 70 distance 45
STEP 0
CYCLE 1234 5678 1239 4567 1289 3456 1789 2345 6789
CYCLE 1256 3478 1569 2378 1459 2367 4589 1267 3489
CYCLE 1357 2468 3579 1468 2579 1368 2479 1358 2469
CYCLE 1246 3578 1469 2357 4689 1257 3468 1579 2368 4579 1268 3479 1568 2379 1458 2679 1348 2569 1378 2459 1367 2489 1356 2478 1359 2467 3589
CYCLE 1247 3568 1479 2358 4679 1258 3469 1578 2369 1457 2689 1347 2568 1379 2458 3679 1248 3569 1478 2359 1467 2589 1346 2578 1369 2457 3689
CYCLE 1235 4678 1259 3467 1589 2346 5789 1236 4578 1269 3457 1689 2347 5689 1237 4568 1279 3458 1679 2348 5679 1238 4569 1278 3459 1678 2349 1567 2389 1456 2789 1345 2678 1349 2567 1389 2456 3789 1245 3678 1249 3567 1489 2356 4789
STEP 1
REMOVE 1245-3678 1248-3679 1459-2367 1489-3567
ADD 1245-3679 1248-3567 1459-3678 1489-2367
CYCLE 1234 5678 1239 4567 1289 3456 1789 2345 6789
CYCLE 1357 2468 3579 1468 2579 1368 2479 1358 2469
CYCLE 1246 3578 1469 2357 4689 1257 3468 1579 2368 4579 1268 3479 1568 2379 1458 2679 1348 2569 1378 2459 1367 2489 1356 2478 1359 2467 3589
CYCLE 1235 4678 1259 3467 1589 2346 5789 1236 4578 1269 3457 1689 2347 5689 1237 4568 1279 3458 1679 2348 5679 1238 4569 1278 3459 1678 2349 1567 2389 1456 2789 1345 2678 1349 2567 1389 2456 3789 1245 3679 2458 1379 2568 1347 2689 1457 2369 1578 3469 1258 4679 2358 1479 3568 1247 3689 2457 1369 2578 1346 2589 1467 2359 1478 3569 1248 3567 1249 3678 1459 2378 1569 3478 1256 3489 1267 4589 2367 1489 2356 4789
STEP 2
REMOVE 1245-3789 1246-3589 1247-3568 1249-3678
ADD 1245-3678 1246-3789 1247-3589 1249-3568
CYCLE 1234 5678 1239 4567 1289 3456 1789 2345 6789
CYCLE 1357 2468 3579 1468 2579 1368 2479 1358 2469
CYCLE 1235 4678 1259 3467 1589 2346 5789 1236 4578 1269 3457 1689 2347 5689 1237 4568 1279 3458 1679 2348 5679 1238 4569 1278 3459 1678 2349 1567 2389 1456 2789 1345 2678 1349 2567 1389 2456 3789 1246 3578 1469 2357 4689 1257 3468 1579 2368 4579 1268 3479 1568 2379 1458 2679 1348 2569 1378 2459 1367 2489 1356 2478 1359 2467 3589 1247 3689 2457 1369 2578 1346 2589 1467 2359 1478 3569 1248 3567 1249 3568 1479 2358 4679 1258 3469 1578 2369 1457 2689 1347 2568 1379 2458 3679 1245 3678 1459 2378 1569 3478 1256 3489 1267 4589 2367 1489 2356 4789
STEP 3
REMOVE 1236-4578 1578-2369 1589-2346 2367-4589
ADD 1236-4589 1578-2346 1589-2367 2369-4578
CYCLE 1234 5678 1239 4567 1289 3456 1789 2345 6789
CYCLE 1235 4678 1259 3467 1589 2367 1489 2356 4789
CYCLE 1357 2468 3579 1468 2579 1368 2479 1358 2469
CYCLE 1236 4589 1267 3489 1256 3478 1569 2378 1459 3678 1245 3679 2458 1379 2568 1347 2689 1457 2369 4578 1269 3457 1689 2347 5689 1237 4568 1279 3458 1679 2348 5679 1238 4569 1278 3459 1678 2349 1567 2389 1456 2789 1345 2678 1349 2567 1389 2456 3789 1246 3578 1469 2357 4689 1257 3468 1579 2368 4579 1268 3479 1568 2379 1458 2679 1348 2569 1378 2459 1367 2489 1356 2478 1359 2467 3589 1247 3689 2457 1369 2578 1346 2589 1467 2359 1478 3569 1248 3567 1249 3568 1479 2358 4679 1258 3469 1578 2346 5789
STEP 4
REMOVE 1259-3467 1346-2589 1579-3468 2346-5789
ADD 1259-3468 1346-5789 1579-2346 2589-3467
CYCLE 1234 5678 1239 4567 1289 3456 1789 2345 6789
CYCLE 1357 2468 3579 1468 2579 1368 2479 1358 2469
CYCLE 1235 4678 1259 3468 1257 4689 2357 1469 3578 1246 3789 2456 1389 2567 1349 2678 1345 2789 1456 2389 1567 2349 1678 3459 1278 4569 1238 5679 2348 1679 3458 1279 4568 1237 5689 2347 1689 3457 1269 4578 2369 1457 2689 1347 2568 1379 2458 3679 1245 3678 1459 2378 1569 3478 1256 3489 1267 4589 1236 5789 1346 2578 1369 2457 3689 1247 3589 2467 1359 2478 1356 2489 1367 2459 1378 2569 1348 2679 1458 2379 1568 3479 1268 4579 2368 1579 2346 1578 3469 1258 4679 2358 1479 3568 1249 3567 1248 3569 1478 2359 1467 2589 3467 1589 2367 1489 2356 4789
STEP 5
REMOVE 1236-4589 1367-2459 1459-3678 2368-4579
ADD 1236-4579 1367-4589 1459-2368 2459-3678
CYCLE 1234 5678 1239 4567 1289 3456 1789 2345 6789
CYCLE 1357 2468 3579 1468 2579 1368 2479 1358 2469
CYCLE 1235 4678 1259 3468 1257 4689 2357 1469 3578 1246 3789 2456 1389 2567 1349 2678 1345 2789 1456 2389 1567 2349 1678 3459 1278 4569 1238 5679 2348 1679 3458 1279 4568 1237 5689 2347 1689 3457 1269 4578 2369 1457 2689 1347 2568 1379 2458 3679 1245 3678 2459 1378 2569 1348 2679 1458 2379 1568 3479 1268 4579 1236 5789 1346 2578 1369 2457 3689 1247 3589 2467 1359 2478 1356 2489 1367 4589 1267 3489 1256 3478 1569 2378 1459 2368 1579 2346 1578 3469 1258 4679 2358 1479 3568 1249 3567 1248 3569 1478 2359 1467 2589 3467 1589 2367 1489 2356 4789
STEP 6
REMOVE 1346-2578 1349-2678 1456-2789 1459-2378
ADD 1346-2789 1349-2578 1456-2378 1459-2678
CYCLE 1234 5678 1239 4567 1289 3456 1789 2345 6789
CYCLE 1357 2468 3579 1468 2579 1368 2479 1358 2469
CYCLE 1235 4678 1259 3468 1257 4689 2357 1469 3578 1246 3789 2456 1389 2567 1349 2578 1369 2457 3689 1247 3589 2467 1359 2478 1356 2489 1367 4589 1267 3489 1256 3478 1569 2378 1456 2389 1567 2349 1678 3459 1278 4569 1238 5679 2348 1679 3458 1279 4568 1237 5689 2347 1689 3457 1269 4578 2369 1457 2689 1347 2568 1379 2458 3679 1245 3678 2459 1378 2569 1348 2679 1458 2379 1568 3479 1268 4579 1236 5789 1346 2789 1345 2678 1459 2368 1579 2346 1578 3469 1258 4679 2358 1479 3568 1249 3567 1248 3569 1478 2359 1467 2589 3467 1589 2367 1489 2356 4789
STEP 7
REMOVE 1238-5679 1248-3569 1268-4579 1278-3459
ADD 1238-4579 1248-5679 1268-3459 1278-3569
CYCLE 1234 5678 1239 4567 1289 3456 1789 2345 6789
CYCLE 1357 2468 3579 1468 2579 1368 2479 1358 2469
CYCLE 1235 4678 1259 3468 1257 4689 2357 1469 3578 1246 3789 2456 1389 2567 1349 2578 1369 2457 3689 1247 3589 2467 1359 2478 1356 2489 1367 4589 1267 3489 1256 3478 1569 2378 1456 2389 1567 2349 1678 3459 1268 3479 1568 2379 1458 2679 1348 2569 1378 2459 3678 1245 3679 2458 1379 2568 1347 2689 1457 2369 4578 1269 3457 1689 2347 5689 1237 4568 1279 3458 1679 2348 5679 1248 3567 1249 3568 1479 2358 4679 1258 3469 1578 2346 1579 2368 1459 2678 1345 2789 1346 5789 1236 4579 1238 4569 1278 3569 1478 2359 1467 2589 3467 1589 2367 1489 2356 4789
STEP 8
REMOVE 1236-4579 1256-3478 1268-3479 1269-4578
ADD 1236-4578 1256-3479 1268-4579 1269-3478
CYCLE 1234 5678 1239 4567 1289 3456 1789 2345 6789
CYCLE 1357 2468 3579 1468 2579 1368 2479 1358 2469
CYCLE 1235 4678 1259 3468 1257 4689 2357 1469 3578 1246 3789 2456 1389 2567 1349 2578 1369 2457 3689 1247 3589 2467 1359 2478 1356 2489 1367 4589 1267 3489 1256 3479 1568 2379 1458 2679 1348 2569 1378 2459 3678 1245 3679 2458 1379 2568 1347 2689 1457 2369 4578 1236 5789 1346 2789 1345 2678 1459 2368 1579 2346 1578 3469 1258 4679 2358 1479 3568 1249 3567 1248 5679 2348 1679 3458 1279 4568 1237 5689 2347 1689 3457 1269 3478 1569 2378 1456 2389 1567 2349 1678 3459 1268 4579 1238 4569 1278 3569 1478 2359 1467 2589 3467 1589 2367 1489 2356 4789
STEP 9
REMOVE 1246-3789 1256-3489 1389-2567 2467-3589
ADD 1246-3589 1256-3789 1389-2467 2567-3489
CYCLE 1234 5678 1239 4567 1289 3456 1789 2345 6789
CYCLE 1357 2468 3579 1468 2579 1368 2479 1358 2469
CYCLE 1235 4678 1259 3468 1257 4689 2357 1469 3578 1246 3589 1247 3689 2457 1369 2578 1349 2567 3489 1267 4589 1367 2489 1356 2478 1359 2467 1389 2456 3789 1256 3479 1568 2379 1458 2679 1348 2569 1378 2459 3678 1245 3679 2458 1379 2568 1347 2689 1457 2369 4578 1236 5789 1346 2789 1345 2678 1459 2368 1579 2346 1578 3469 1258 4679 2358 1479 3568 1249 3567 1248 5679 2348 1679 3458 1279 4568 1237 5689 2347 1689 3457 1269 3478 1569 2378 1456 2389 1567 2349 1678 3459 1268 4579 1238 4569 1278 3569 1478 2359 1467 2589 3467 1589 2367 1489 2356 4789
STEP 10
REMOVE 1236-4578 1267-4589 1268-3459 1269-3457
ADD 1236-4589 1267-3459 1268-3457 1269-4578
CYCLE 1234 5678 1239 4567 1289 3456 1789 2345 6789
CYCLE 1357 2468 3579 1468 2579 1368 2479 1358 2469
CYCLE 1235 4678 1259 3468 1257 4689 2357 1469 3578 1246 3589 1247 3689 2457 1369 2578 1349 2567 3489 1267 3459 1678 2349 1567 2389 1456 2378 1569 3478 1269 4578 2369 1457 2689 1347 2568 1379 2458 3679 1245 3678 2459 1378 2569 1348 2679 1458 2379 1568 3479 1256 3789 2456 1389 2467 1359 2478 1356 2489 1367 4589 1236 5789 1346 2789 1345 2678 1459 2368 1579 2346 1578 3469 1258 4679 2358 1479 3568 1249 3567 1248 5679 2348 1679 3458 1279 4568 1237 5689 2347 1689 3457 1268 4579 1238 4569 1278 3569 1478 2359 1467 2589 3467 1589 2367 1489 2356 4789
STEP 11
REMOVE 1345-2789 1356-2489 1457-2689 1567-2389
ADD 1345-2689 1356-2789 1457-2389 1567-2489
CYCLE 1234 5678 1239 4567 1289 3456 1789 2345 6789
CYCLE 1269 3478 1569 2378 1456 2389 1457 2369 4578
CYCLE 1357 2468 3579 1468 2579 1368 2479 1358 2469
CYCLE 1235 4678 1259 3468 1257 4689 2357 1469 3578 1246 3589 1247 3689 2457 1369 2578 1349 2567 3489 1267 3459 1678 2349 1567 2489 1367 4589 1236 5789 1346 2789 1356 2478 1359 2467 1389 2456 3789 1256 3479 1568 2379 1458 2679 1348 2569 1378 2459 3678 1245 3679 2458 1379 2568 1347 2689 1345 2678 1459 2368 1579 2346 1578 3469 1258 4679 2358 1479 3568 1249 3567 1248 5679 2348 1679 3458 1279 4568 1237 5689 2347 1689 3457 1268 4579 1238 4569 1278 3569 1478 2359 1467 2589 3467 1589 2367 1489 2356 4789
STEP 12
REMOVE 1345-2678 1356-2789 1358-2479 1359-2467
ADD 1345-2789 1356-2479 1358-2467 1359-2678
CYCLE 1234 5678 1239 4567 1289 3456 1789 2345 6789
CYCLE 1269 3478 1569 2378 1456 2389 1457 2369 4578
CYCLE 1235 4678 1259 3468 1257 4689 2357 1469 3578 1246 3589 1247 3689 2457 1369 2578 1349 2567 3489 1267 3459 1678 2349 1567 2489 1367 4589 1236 5789 1346 2789 1345 2689 1347 2568 1379 2458 3679 1245 3678 2459 1378 2569 1348 2679 1458 2379 1568 3479 1256 3789 2456 1389 2467 1358 2469 1357 2468 3579 1468 2579 1368 2479 1356 2478 1359 2678 1459 2368 1579 2346 1578 3469 1258 4679 2358 1479 3568 1249 3567 1248 5679 2348 1679 3458 1279 4568 1237 5689 2347 1689 3457 1268 4579 1238 4569 1278 3569 1478 2359 1467 2589 3467 1589 2367 1489 2356 4789
STEP 13
REMOVE 1245-3678 1259-3468 1368-2579 2457-3689
ADD 1245-3689 1259-3678 1368-2457 2579-3468
CYCLE 1234 5678 1239 4567 1289 3456 1789 2345 6789
CYCLE 1269 3478 1569 2378 1456 2389 1457 2369 4578
CYCLE 1235 4678 1259 3678 2459 1378 2569 1348 2679 1458 2379 1568 3479 1256 3789 2456 1389 2467 1358 2469 1357 2468 3579 1468 2579 3468 1257 4689 2357 1469 3578 1246 3589 1247 3689 1245 3679 2458 1379 2568 1347 2689 1345 2789 1346 5789 1236 4589 1367 2489 1567 2349 1678 3459 1267 3489 2567 1349 2578 1369 2457 1368 2479 1356 2478 1359 2678 1459 2368 1579 2346 1578 3469 1258 4679 2358 1479 3568 1249 3567 1248 5679 2348 1679 3458 1279 4568 1237 5689 2347 1689 3457 1268 4579 1238 4569 1278 3569 1478 2359 1467 2589 3467 1589 2367 1489 2356 4789
STEP 14
REMOVE 1245-3679 1257-3468 1258-3469 1259-3678
ADD 1245-3678 1257-3469 1258-3679 1259-3468
CYCLE 1234 5678 1239 4567 1289 3456 1789 2345 6789
CYCLE 1269 3478 1569 2378 1456 2389 1457 2369 4578
CYCLE 1235 4678 1259 3468 2579 1468 3579 2468 1357 2469 1358 2467 1389 2456 3789 1256 3479 1568 2379 1458 2679 1348 2569 1378 2459 3678 1245 3689 1247 3589 1246 3578 1469 2357 4689 1257 3469 1578 2346 1579 2368 1459 2678 1359 2478 1356 2479 1368 2457 1369 2578 1349 2567 3489 1267 3459 1678 2349 1567 2489 1367 4589 1236 5789 1346 2789 1345 2689 1347 2568 1379 2458 3679 1258 4679 2358 1479 3568 1249 3567 1248 5679 2348 1679 3458 1279 4568 1237 5689 2347 1689 3457 1268 4579 1238 4569 1278 3569 1478 2359 1467 2589 3467 1589 2367 1489 2356 4789
STEP 15
REMOVE 1279-4568 1368-2479 1568-2379 2579-3468
ADD 1279-3468 1368-2579 1568-2479 2379-4568
CYCLE 1234 5678 1239 4567 1289 3456 1789 2345 6789
CYCLE 1269 3478 1569 2378 1456 2389 1457 2369 4578
CYCLE 1235 4678 1259 3468 1279 3458 1679 2348 5679 1248 3567 1249 3568 1479 2358 4679 1258 3679 2458 1379 2568 1347 2689 1345 2789 1346 5789 1236 4589 1367 2489 1567 2349 1678 3459 1267 3489 2567 1349 2578 1369 2457 1368 2579 1468 3579 2468 1357 2469 1358 2467 1389 2456 3789 1256 3479 1568 2479 1356 2478 1359 2678 1459 2368 1579 2346 1578 3469 1257 4689 2357 1469 3578 1246 3589 1247 3689 1245 3678 2459 1378 2569 1348 2679 1458 2379 4568 1237 5689 2347 1689 3457 1268 4579 1238 4569 1278 3569 1478 2359 1467 2589 3467 1589 2367 1489 2356 4789
STEP 16
REMOVE 1237-4568 1257-3469 1278-4569 1279-3468
ADD 1237-4569 1257-3468 1278-3469 1279-4568
CYCLE 1234 5678 1239 4567 1289 3456 1789 2345 6789
CYCLE 1237 4569 1238 4579 1268 3457 1689 2347 5689
CYCLE 1269 3478 1569 2378 1456 2389 1457 2369 4578
CYCLE 1235 4678 1259 3468 1257 4689 2357 1469 3578 1246 3589 1247 3689 1245 3678 2459 1378 2569 1348 2679 1458 2379 4568 1279 3458 1679 2348 5679 1248 3567 1249 3568 1479 2358 4679 1258 3679 2458 1379 2568 1347 2689 1345 2789 1346 5789 1236 4589 1367 2489 1567 2349 1678 3459 1267 3489 2567 1349 2578 1369 2457 1368 2579 1468 3579 2468 1357 2469 1358 2467 1389 2456 3789 1256 3479 1568 2479 1356 2478 1359 2678 1459 2368 1579 2346 1578 3469 1278 3569 1478 2359 1467 2589 3467 1589 2367 1489 2356 4789
STEP 17
REMOVE 1356-2479 1358-2469 1367-2489 1378-2459
ADD 1356-2489 1358-2479 1367-2459 1378-2469
CYCLE 1234 5678 1239 4567 1289 3456 1789 2345 6789
CYCLE 1237 4569 1238 4579 1268 3457 1689 2347 5689
CYCLE 1256 3479 1568 2479 1358 2467 1389 2456 3789
CYCLE 1269 3478 1569 2378 1456 2389 1457 2369 4578
CYCLE 1235 4678 1259 3468 1257 4689 2357 1469 3578 1246 3589 1247 3689 1245 3678 2459 1367 4589 1236 5789 1346 2789 1345 2689 1347 2568 1379 2458 3679 1258 4679 2358 1479 3568 1249 3567 1248 5679 2348 1679 3458 1279 4568 2379 1458 2679 1348 2569 1378 2469 1357 2468 3579 1468 2579 1368 2457 1369 2578 1349 2567 3489 1267 3459 1678 2349 1567 2489 1356 2478 1359 2678 1459 2368 1579 2346 1578 3469 1278 3569 1478 2359 1467 2589 3467 1589 2367 1489 2356 4789
STEP 18
REMOVE 1235-4789 1236-4589 1257-4689 1267-3489
ADD 1235-4689 1236-4789 1257-3489 1267-4589
CYCLE 1234 5678 1239 4567 1289 3456 1789 2345 6789
CYCLE 1237 4569 1238 4579 1268 3457 1689 2347 5689
CYCLE 1256 3479 1568 2479 1358 2467 1389 2456 3789
CYCLE 1269 3478 1569 2378 1456 2389 1457 2369 4578
CYCLE 1235 4678 1259 3468 1257 3489 2567 1349 2578 1369 2457 1368 2579 1468 3579 2468 1357 2469 1378 2569 1348 2679 1458 2379 4568 1279 3458 1679 2348 5679 1248 3567 1249 3568 1479 2358 4679 1258 3679 2458 1379 2568 1347 2689 1345 2789 1346 5789 1236 4789 2356 1489 2367 1589 3467 2589 1467 2359 1478 3569 1278 3469 1578 2346 1579 2368 1459 2678 1359 2478 1356 2489 1567 2349 1678 3459 1267 4589 1367 2459 3678 1245 3689 1247 3589 1246 3578 1469 2357 4689
STEP 19
REMOVE 1235-4678 1467-2359 1479-2358 2356-4789
ADD 1235-4789 1467-2358 1479-2356 2359-4678
CYCLE 1234 5678 1239 4567 1289 3456 1789 2345 6789
CYCLE 1237 4569 1238 4579 1268 3457 1689 2347 5689
CYCLE 1256 3479 1568 2479 1358 2467 1389 2456 3789
CYCLE 1269 3478 1569 2378 1456 2389 1457 2369 4578
CYCLE 1235 4689 2357 1469 3578 1246 3589 1247 3689 1245 3678 2459 1367 4589 1267 3459 1678 2349 1567 2489 1356 2478 1359 2678 1459 2368 1579 2346 1578 3469 1278 3569 1478 2359 4678 1259 3468 1257 3489 2567 1349 2578 1369 2457 1368 2579 1468 3579 2468 1357 2469 1378 2569 1348 2679 1458 2379 4568 1279 3458 1679 2348 5679 1248 3567 1249 3568 1479 2356 1489 2367 1589 3467 2589 1467 2358 4679 1258 3679 2458 1379 2568 1347 2689 1345 2789 1346 5789 1236 4789
STEP 20
REMOVE 1257-3489 1357-2469 1567-2489 1578-3469
ADD 1257-3469 1357-2489 1567-3489 1578-2469
CYCLE 1234 5678 1239 4567 1289 3456 1789 2345 6789
CYCLE 1237 4569 1238 4579 1268 3457 1689 2347 5689
CYCLE 1256 3479 1568 2479 1358 2467 1389 2456 3789
CYCLE 1257 3468 1259 4678 2359 1478 3569 1278 3469
CYCLE 1269 3478 1569 2378 1456 2389 1457 2369 4578
CYCLE 1235 4689 2357 1469 3578 1246 3589 1247 3689 1245 3678 2459 1367 4589 1267 3459 1678 2349 1567 3489 2567 1349 2578 1369 2457 1368 2579 1468 3579 2468 1357 2489 1356 2478 1359 2678 1459 2368 1579 2346 1578 2469 1378 2569 1348 2679 1458 2379 4568 1279 3458 1679 2348 5679 1248 3567 1249 3568 1479 2356 1489 2367 1589 3467 2589 1467 2358 4679 1258 3679 2458 1379 2568 1347 2689 1345 2789 1346 5789 1236 4789
STEP 21
REMOVE 1245-3678 1459-2678 1678-3459 2345-6789
ADD 1245-6789 1459-3678 1678-2345 2678-3459
CYCLE 1237 4569 1238 4579 1268 3457 1689 2347 5689
CYCLE 1256 3479 1568 2479 1358 2467 1389 2456 3789
CYCLE 1257 3468 1259 4678 2359 1478 3569 1278 3469
CYCLE 1269 3478 1569 2378 1456 2389 1457 2369 4578
CYCLE 1234 5678 1239 4567 1289 3456 1789 2345 1678 2349 1567 3489 2567 1349 2578 1369 2457 1368 2579 1468 3579 2468 1357 2489 1356 2478 1359 2678 3459 1267 4589 1367 2459 3678 1459 2368 1579 2346 1578 2469 1378 2569 1348 2679 1458 2379 4568 1279 3458 1679 2348 5679 1248 3567 1249 3568 1479 2356 1489 2367 1589 3467 2589 1467 2358 4679 1258 3679 2458 1379 2568 1347 2689 1345 2789 1346 5789 1236 4789 1235 4689 2357 1469 3578 1246 3589 1247 3689 1245 6789
STEP 22
REMOVE 1245-6789 1367-2459 1678-2345 2458-3679
ADD 1245-3679 1367-2458 1678-2459 2345-6789
CYCLE 1234 5678 1239 4567 1289 3456 1789 2345 6789
CYCLE 1237 4569 1238 4579 1268 3457 1689 2347 5689
CYCLE 1256 3479 1568 2479 1358 2467 1389 2456 3789
CYCLE 1257 3468 1259 4678 2359 1478 3569 1278 3469
CYCLE 1269 3478 1569 2378 1456 2389 1457 2369 4578
CYCLE 1235 4689 2357 1469 3578 1246 3589 1247 3689 1245 3679 1258 4679 2358 1467 2589 3467 1589 2367 1489 2356 1479 3568 1249 3567 1248 5679 2348 1679 3458 1279 4568 2379 1458 2679 1348 2569 1378 2469 1578 2346 1579 2368 1459 3678 2459 1678 2349 1567 3489 2567 1349 2578 1369 2457 1368 2579 1468 3579 2468 1357 2489 1356 2478 1359 2678 3459 1267 4589 1367 2458 1379 2568 1347 2689 1345 2789 1346 5789 1236 4789
STEP 23
REMOVE 1247-3589 1358-2467 1479-3568 2358-4679
ADD 1247-3568 1358-4679 1479-2358 2467-3589
CYCLE 1234 5678 1239 4567 1289 3456 1789 2345 6789
CYCLE 1237 4569 1238 4579 1268 3457 1689 2347 5689
CYCLE 1257 3468 1259 4678 2359 1478 3569 1278 3469
CYCLE 1269 3478 1569 2378 1456 2389 1457 2369 4578
CYCLE 1467 2358 1479 2356 1489 2367 1589 3467 2589
CYCLE 1235 4689 2357 1469 3578 1246 3589 2467 1389 2456 3789 1256 3479 1568 2479 1358 4679 1258 3679 1245 3689 1247 3568 1249 3567 1248 5679 2348 1679 3458 1279 4568 2379 1458 2679 1348 2569 1378 2469 1578 2346 1579 2368 1459 3678 2459 1678 2349 1567 3489 2567 1349 2578 1369 2457 1368 2579 1468 3579 2468 1357 2489 1356 2478 1359 2678 3459 1267 4589 1367 2458 1379 2568 1347 2689 1345 2789 1346 5789 1236 4789
STEP 24
REMOVE 1257-3469 1357-2489 1567-3489 1578-2469
ADD 1257-3489 1357-2469 1567-2489 1578-3469
CYCLE 1234 5678 1239 4567 1289 3456 1789 2345 6789
CYCLE 1237 4569 1238 4579 1268 3457 1689 2347 5689
CYCLE 1269 3478 1569 2378 1456 2389 1457 2369 4578
CYCLE 1467 2358 1479 2356 1489 2367 1589 3467 2589
CYCLE 1235 4689 2357 1469 3578 1246 3589 2467 1389 2456 3789 1256 3479 1568 2479 1358 4679 1258 3679 1245 3689 1247 3568 1249 3567 1248 5679 2348 1679 3458 1279 4568 2379 1458 2679 1348 2569 1378 2469 1357 2468 3579 1468 2579 1368 2457 1369 2578 1349 2567 3489 1257 3468 1259 4678 2359 1478 3569 1278 3469 1578 2346 1579 2368 1459 3678 2459 1678 2349 1567 2489 1356 2478 1359 2678 3459 1267 4589 1367 2458 1379 2568 1347 2689 1345 2789 1346 5789 1236 4789
STEP 25
REMOVE 1356-2478 1358-2479 1369-2457 1389-2467
ADD 1356-2479 1358-2467 1369-2478 1389-2457
CYCLE 1234 5678 1239 4567 1289 3456 1789 2345 6789
CYCLE 1237 4569 1238 4579 1268 3457 1689 2347 5689
CYCLE 1269 3478 1569 2378 1456 2389 1457 2369 4578
CYCLE 1467 2358 1479 2356 1489 2367 1589 3467 2589
CYCLE 1235 4689 2357 1469 3578 1246 3589 2467 1358 4679 1258 3679 1245 3689 1247 3568 1249 3567 1248 5679 2348 1679 3458 1279 4568 2379 1458 2679 1348 2569 1378 2469 1357 2468 3579 1468 2579 1368 2457 1389 2456 3789 1256 3479 1568 2479 1356 2489 1567 2349 1678 2459 3678 1459 2368 1579 2346 1578 3469 1278 3569 1478 2359 4678 1259 3468 1257 3489 2567 1349 2578 1369 2478 1359 2678 3459 1267 4589 1367 2458 1379 2568 1347 2689 1345 2789 1346 5789 1236 4789
STEP 26
REMOVE 1257-3489 1267-3459 1578-3469 1678-2349
ADD 1257-3469 1267-3489 1578-2349 1678-3459
CYCLE 1234 5678 1239 4567 1289 3456 1789 2345 6789
CYCLE 1237 4569 1238 4579 1268 3457 1689 2347 5689
CYCLE 1257 3468 1259 4678 2359 1478 3569 1278 3469
CYCLE 1269 3478 1569 2378 1456 2389 1457 2369 4578
CYCLE 1467 2358 1479 2356 1489 2367 1589 3467 2589
CYCLE 1235 4689 2357 1469 3578 1246 3589 2467 1358 4679 1258 3679 1245 3689 1247 3568 1249 3567 1248 5679 2348 1679 3458 1279 4568 2379 1458 2679 1348 2569 1378 2469 1357 2468 3579 1468 2579 1368 2457 1389 2456 3789 1256 3479 1568 2479 1356 2489 1567 2349 1578 2346 1579 2368 1459 3678 2459 1678 3459 2678 1359 2478 1369 2578 1349 2567 3489 1267 4589 1367 2458 1379 2568 1347 2689 1345 2789 1346 5789 1236 4789
STEP 27
REMOVE 1356-2489 1357-2468 1369-2478 1379-2458
ADD 1356-2478 1357-2489 1369-2458 1379-2468
CYCLE 1234 5678 1239 4567 1289 3456 1789 2345 6789
CYCLE 1237 4569 1238 4579 1268 3457 1689 2347 5689
CYCLE 1257 3468 1259 4678 2359 1478 3569 1278 3469
CYCLE 1267 3489 2567 1349 2578 1369 2458 1367 4589
CYCLE 1269 3478 1569 2378 1456 2389 1457 2369 4578
CYCLE 1467 2358 1479 2356 1489 2367 1589 3467 2589
CYCLE 1235 4689 2357 1469 3578 1246 3589 2467 1358 4679 1258 3679 1245 3689 1247 3568 1249 3567 1248 5679 2348 1679 3458 1279 4568 2379 1458 2679 1348 2569 1378 2469 1357 2489 1567 2349 1578 2346 1579 2368 1459 3678 2459 1678 3459 2678 1359 2478 1356 2479 1568 3479 1256 3789 2456 1389 2457 1368 2579 1468 3579 2468 1379 2568 1347 2689 1345 2789 1346 5789 1236 4789
STEP 28
REMOVE 1237-4569 1247-3568 1278-3569 1279-4568
ADD 1237-4568 1247-3569 1278-4569 1279-3568
CYCLE 1234 5678 1239 4567 1289 3456 1789 2345 6789
CYCLE 1248 3567 1249 3568 1279 3458 1679 2348 5679
CYCLE 1267 3489 2567 1349 2578 1369 2458 1367 4589
CYCLE 1269 3478 1569 2378 1456 2389 1457 2369 4578
CYCLE 1467 2358 1479 2356 1489 2367 1589 3467 2589
CYCLE 1235 4689 2357 1469 3578 1246 3589 2467 1358 4679 1258 3679 1245 3689 1247 3569 1478 2359 4678 1259 3468 1257 3469 1278 4569 1238 4579 1268 3457 1689 2347 5689 1237 4568 2379 1458 2679 1348 2569 1378 2469 1357 2489 1567 2349 1578 2346 1579 2368 1459 3678 2459 1678 3459 2678 1359 2478 1356 2479 1568 3479 1256 3789 2456 1389 2457 1368 2579 1468 3579 2468 1379 2568 1347 2689 1345 2789 1346 5789 1236 4789
STEP 29
REMOVE 1237-4568 1357-2489 1367-4589 1379-2468
ADD 1237-4589 1357-2468 1367-2489 1379-4568
CYCLE 1234 5678 1239 4567 1289 3456 1789 2345 6789
CYCLE 1248 3567 1249 3568 1279 3458 1679 2348 5679
CYCLE 1269 3478 1569 2378 1456 2389 1457 2369 4578
CYCLE 1467 2358 1479 2356 1489 2367 1589 3467 2589
CYCLE 1235 4689 2357 1469 3578 1246 3589 2467 1358 4679 1258 3679 1245 3689 1247 3569 1478 2359 4678 1259 3468 1257 3469 1278 4569 1238 4579 1268 3457 1689 2347 5689 1237 4589 1267 3489 2567 1349 2578 1369 2458 1367 2489 1567 2349 1578 2346 1579 2368 1459 3678 2459 1678 3459 2678 1359 2478 1356 2479 1568 3479 1256 3789 2456 1389 2457 1368 2579 1468 3579 2468 1357 2469 1378 2569 1348 2679 1458 2379 4568 1379 2568 1347 2689 1345 2789 1346 5789 1236 4789
STEP 30
REMOVE 1278-4569 1378-2469 1578-2349 1678-3459
ADD 1278-3459 1378-4569 1578-2469 1678-2349
CYCLE 1234 5678 1239 4567 1289 3456 1789 2345 6789
CYCLE 1248 3567 1249 3568 1279 3458 1679 2348 5679
CYCLE 1269 3478 1569 2378 1456 2389 1457 2369 4578
CYCLE 1467 2358 1479 2356 1489 2367 1589 3467 2589
CYCLE 1235 4689 2357 1469 3578 1246 3589 2467 1358 4679 1258 3679 1245 3689 1247 3569 1478 2359 4678 1259 3468 1257 3469 1278 3459 2678 1359 2478 1356 2479 1568 3479 1256 3789 2456 1389 2457 1368 2579 1468 3579 2468 1357 2469 1578 2346 1579 2368 1459 3678 2459 1678 2349 1567 2489 1367 2458 1369 2578 1349 2567 3489 1267 4589 1237 5689 2347 1689 3457 1268 4579 1238 4569 1378 2569 1348 2679 1458 2379 4568 1379 2568 1347 2689 1345 2789 1346 5789 1236 4789
STEP 31
REMOVE 1237-4589 1357-2469 1367-2489 1378-4569
ADD 1237-4569 1357-2489 1367-4589 1378-2469
CYCLE 1234 5678 1239 4567 1289 3456 1789 2345 6789
CYCLE 1237 4569 1238 4579 1268 3457 1689 2347 5689
CYCLE 1248 3567 1249 3568 1279 3458 1679 2348 5679
CYCLE 1267 3489 2567 1349 2578 1369 2458 1367 4589
CYCLE 1269 3478 1569 2378 1456 2389 1457 2369 4578
CYCLE 1467 2358 1479 2356 1489 2367 1589 3467 2589
CYCLE 1235 4689 2357 1469 3578 1246 3589 2467 1358 4679 1258 3679 1245 3689 1247 3569 1478 2359 4678 1259 3468 1257 3469 1278 3459 2678 1359 2478 1356 2479 1568 3479 1256 3789 2456 1389 2457 1368 2579 1468 3579 2468 1357 2489 1567 2349 1678 2459 3678 1459 2368 1579 2346 1578 2469 1378 2569 1348 2679 1458 2379 4568 1379 2568 1347 2689 1345 2789 1346 5789 1236 4789
STEP 32
REMOVE 1237-5689 1247-3569 1267-4589 1278-3459
ADD 1237-4589 1247-5689 1267-3459 1278-3569
CYCLE 1234 5678 1239 4567 1289 3456 1789 2345 6789
CYCLE 1248 3567 1249 3568 1279 3458 1679 2348 5679
CYCLE 1257 3468 1259 4678 2359 1478 3569 1278 3469
CYCLE 1269 3478 1569 2378 1456 2389 1457 2369 4578
CYCLE 1467 2358 1479 2356 1489 2367 1589 3467 2589
CYCLE 1235 4689 2357 1469 3578 1246 3589 2467 1358 4679 1258 3679 1245 3689 1247 5689 2347 1689 3457 1268 4579 1238 4569 1237 4589 1367 2458 1369 2578 1349 2567 3489 1267 3459 2678 1359 2478 1356 2479 1568 3479 1256 3789 2456 1389 2457 1368 2579 1468 3579 2468 1357 2489 1567 2349 1678 2459 3678 1459 2368 1579 2346 1578 2469 1378 2569 1348 2679 1458 2379 4568 1379 2568 1347 2689 1345 2789 1346 5789 1236 4789
STEP 33
REMOVE 1236-5789 1237-4589 1246-3589 1247-5689
ADD 1236-4589 1237-5689 1246-5789 1247-3589
CYCLE 1234 5678 1239 4567 1289 3456 1789 2345 6789
CYCLE 1237 4569 1238 4579 1268 3457 1689 2347 5689
CYCLE 1245 3679 1258 4679 1358 2467 3589 1247 3689
CYCLE 1248 3567 1249 3568 1279 3458 1679 2348 5679
CYCLE 1257 3468 1259 4678 2359 1478 3569 1278 3469
CYCLE 1269 3478 1569 2378 1456 2389 1457 2369 4578
CYCLE 1467 2358 1479 2356 1489 2367 1589 3467 2589
CYCLE 1235 4689 2357 1469 3578 1246 5789 1346 2789 1345 2689 1347 2568 1379 4568 2379 1458 2679 1348 2569 1378 2469 1578 2346 1579 2368 1459 3678 2459 1678 2349 1567 2489 1357 2468 3579 1468 2579 1368 2457 1389 2456 3789 1256 3479 1568 2479 1356 2478 1359 2678 3459 1267 3489 2567 1349 2578 1369 2458 1367 4589 1236 4789
STEP 34
REMOVE 1235-4689 1356-2479 1357-2489 1358-4679
ADD 1235-4679 1356-2489 1357-4689 1358-2479
CYCLE 1234 5678 1239 4567 1289 3456 1789 2345 6789
CYCLE 1237 4569 1238 4579 1268 3457 1689 2347 5689
CYCLE 1248 3567 1249 3568 1279 3458 1679 2348 5679
CYCLE 1257 3468 1259 4678 2359 1478 3569 1278 3469
CYCLE 1269 3478 1569 2378 1456 2389 1457 2369 4578
CYCLE 1467 2358 1479 2356 1489 2367 1589 3467 2589
CYCLE 1235 4679 1258 3679 1245 3689 1247 3589 2467 1358 2479 1568 3479 1256 3789 2456 1389 2457 1368 2579 1468 3579 2468 1357 4689 2357 1469 3578 1246 5789 1346 2789 1345 2689 1347 2568 1379 4568 2379 1458 2679 1348 2569 1378 2469 1578 2346 1579 2368 1459 3678 2459 1678 2349 1567 2489 1356 2478 1359 2678 3459 1267 3489 2567 1349 2578 1369 2458 1367 4589 1236 4789
STEP 35
REMOVE 1237-4569 1347-2689 1357-4689 1378-2569
ADD 1237-4689 1347-2569 1357-2689 1378-4569
CYCLE 1234 5678 1239 4567 1289 3456 1789 2345 6789
CYCLE 1248 3567 1249 3568 1279 3458 1679 2348 5679
CYCLE 1257 3468 1259 4678 2359 1478 3569 1278 3469
CYCLE 1269 3478 1569 2378 1456 2389 1457 2369 4578
CYCLE 1347 2568 1379 4568 2379 1458 2679 1348 2569
CYCLE 1467 2358 1479 2356 1489 2367 1589 3467 2589
CYCLE 1235 4679 1258 3679 1245 3689 1247 3589 2467 1358 2479 1568 3479 1256 3789 2456 1389 2457 1368 2579 1468 3579 2468 1357 2689 1345 2789 1346 5789 1246 3578 1469 2357 4689 1237 5689 2347 1689 3457 1268 4579 1238 4569 1378 2469 1578 2346 1579 2368 1459 3678 2459 1678 2349 1567 2489 1356 2478 1359 2678 3459 1267 3489 2567 1349 2578 1369 2458 1367 4589 1236 4789
STEP 36
REMOVE 1235-4679 1236-4589 1237-4689 1238-4579
ADD 1235-4689 1236-4579 1237-4589 1238-4679
CYCLE 1234 5678 1239 4567 1289 3456 1789 2345 6789
CYCLE 1248 3567 1249 3568 1279 3458 1679 2348 5679
CYCLE 1257 3468 1259 4678 2359 1478 3569 1278 3469
CYCLE 1269 3478 1569 2378 1456 2389 1457 2369 4578
CYCLE 1347 2568 1379 4568 2379 1458 2679 1348 2569
CYCLE 1467 2358 1479 2356 1489 2367 1589 3467 2589
CYCLE 1235 4689 2357 1469 3578 1246 5789 1346 2789 1345 2689 1357 2468 3579 1468 2579 1368 2457 1389 2456 3789 1256 3479 1568 2479 1358 2467 3589 1247 3689 1245 3679 1258 4679 1238 4569 1378 2469 1578 2346 1579 2368 1459 3678 2459 1678 2349 1567 2489 1356 2478 1359 2678 3459 1267 3489 2567 1349 2578 1369 2458 1367 4589 1237 5689 2347 1689 3457 1268 4579 1236 4789
STEP 37
REMOVE 1237-4589 1267-3459 1378-4569 1678-2459
ADD 1237-4569 1267-4589 1378-2459 1678-3459
CYCLE 1234 5678 1239 4567 1289 3456 1789 2345 6789
CYCLE 1248 3567 1249 3568 1279 3458 1679 2348 5679
CYCLE 1257 3468 1259 4678 2359 1478 3569 1278 3469
CYCLE 1267 3489 2567 1349 2578 1369 2458 1367 4589
CYCLE 1269 3478 1569 2378 1456 2389 1457 2369 4578
CYCLE 1347 2568 1379 4568 2379 1458 2679 1348 2569
CYCLE 1356 2478 1359 2678 3459 1678 2349 1567 2489
CYCLE 1378 2459 3678 1459 2368 1579 2346 1578 2469
CYCLE 1467 2358 1479 2356 1489 2367 1589 3467 2589
CYCLE 1235 4689 2357 1469 3578 1246 5789 1346 2789 1345 2689 1357 2468 3579 1468 2579 1368 2457 1389 2456 3789 1256 3479 1568 2479 1358 2467 3589 1247 3689 1245 3679 1258 4679 1238 4569 1237 5689 2347 1689 3457 1268 4579 1236 4789
STEP 38
REMOVE 1236-4579 1346-5789 1368-2457 1369-2578
ADD 1236-5789 1346-2578 1368-4579 1369-2457
CYCLE 1234 5678 1239 4567 1289 3456 1789 2345 6789
CYCLE 1235 4689 2357 1469 3578 1246 5789 1236 4789
CYCLE 1248 3567 1249 3568 1279 3458 1679 2348 5679
CYCLE 1257 3468 1259 4678 2359 1478 3569 1278 3469
CYCLE 1269 3478 1569 2378 1456 2389 1457 2369 4578
CYCLE 1347 2568 1379 4568 2379 1458 2679 1348 2569
CYCLE 1356 2478 1359 2678 3459 1678 2349 1567 2489
CYCLE 1378 2459 3678 1459 2368 1579 2346 1578 2469
CYCLE 1467 2358 1479 2356 1489 2367 1589 3467 2589
CYCLE 1237 4569 1238 4679 1258 3679 1245 3689 1247 3589 2467 1358 2479 1568 3479 1256 3789 2456 1389 2457 1369 2458 1367 4589 1267 3489 2567 1349 2578 1346 2789 1345 2689 1357 2468 3579 1468 2579 1368 4579 1268 3457 1689 2347 5689
STEP 39
REMOVE 1238-4569 1358-2479 1368-4579 1378-2469
ADD 1238-4579 1358-2469 1368-2479 1378-4569
CYCLE 1234 5678 1239 4567 1289 3456 1789 2345 6789
CYCLE 1235 4689 2357 1469 3578 1246 5789 1236 4789
CYCLE 1248 3567 1249 3568 1279 3458 1679 2348 5679
CYCLE 1257 3468 1259 4678 2359 1478 3569 1278 3469
CYCLE 1269 3478 1569 2378 1456 2389 1457 2369 4578
CYCLE 1347 2568 1379 4568 2379 1458 2679 1348 2569
CYCLE 1356 2478 1359 2678 3459 1678 2349 1567 2489
CYCLE 1467 2358 1479 2356 1489 2367 1589 3467 2589
CYCLE 1237 4569 1378 2459 3678 1459 2368 1579 2346 1578 2469 1358 2467 3589 1247 3689 1245 3679 1258 4679 1238 4579 1268 3457 1689 2347 5689
CYCLE 1256 3479 1568 2479 1368 2579 1468 3579 2468 1357 2689 1345 2789 1346 2578 1349 2567 3489 1267 4589 1367 2458 1369 2457 1389 2456 3789
STEP 40
REMOVE 1238-4679 1358-2467 1378-4569 1389-2456
ADD 1238-4569 1358-4679 1378-2456 1389-2467
CYCLE 1234 5678 1239 4567 1289 3456 1789 2345 6789
CYCLE 1235 4689 2357 1469 3578 1246 5789 1236 4789
CYCLE 1237 4569 1238 4579 1268 3457 1689 2347 5689
CYCLE 1248 3567 1249 3568 1279 3458 1679 2348 5679
CYCLE 1257 3468 1259 4678 2359 1478 3569 1278 3469
CYCLE 1269 3478 1569 2378 1456 2389 1457 2369 4578
CYCLE 1347 2568 1379 4568 2379 1458 2679 1348 2569
CYCLE 1356 2478 1359 2678 3459 1678 2349 1567 2489
CYCLE 1467 2358 1479 2356 1489 2367 1589 3467 2589
CYCLE 1245 3679 1258 4679 1358 2469 1578 2346 1579 2368 1459 3678 2459 1378 2456 3789 1256 3479 1568 2479 1368 2579 1468 3579 2468 1357 2689 1345 2789 1346 2578 1349 2567 3489 1267 4589 1367 2458 1369 2457 1389 2467 3589 1247 3689
STEP 41
REMOVE 1348-2569 1368-2579 1378-2456 1389-2457
ADD 1348-2579 1368-2457 1378-2569 1389-2456
CYCLE 1234 5678 1239 4567 1289 3456 1789 2345 6789
CYCLE 1235 4689 2357 1469 3578 1246 5789 1236 4789
CYCLE 1237 4569 1238 4579 1268 3457 1689 2347 5689
CYCLE 1248 3567 1249 3568 1279 3458 1679 2348 5679
CYCLE 1257 3468 1259 4678 2359 1478 3569 1278 3469
CYCLE 1269 3478 1569 2378 1456 2389 1457 2369 4578
CYCLE 1356 2478 1359 2678 3459 1678 2349 1567 2489
CYCLE 1467 2358 1479 2356 1489 2367 1589 3467 2589
CYCLE 1245 3679 1258 4679 1358 2469 1578 2346 1579 2368 1459 3678 2459 1378 2569 1347 2568 1379 4568 2379 1458 2679 1348 2579 1468 3579 2468 1357 2689 1345 2789 1346 2578 1349 2567 3489 1267 4589 1367 2458 1369 2457 1368 2479 1568 3479 1256 3789 2456 1389 2467 3589 1247 3689
STEP 42
REMOVE 1358-2469 1368-2457 1378-2459 1389-2467
ADD 1358-2467 1368-2459 1378-2469 1389-2457
CYCLE 1234 5678 1239 4567 1289 3456 1789 2345 6789
CYCLE 1235 4689 2357 1469 3578 1246 5789 1236 4789
CYCLE 1237 4569 1238 4579 1268 3457 1689 2347 5689
CYCLE 1245 3679 1258 4679 1358 2467 3589 1247 3689
CYCLE 1248 3567 1249 3568 1279 3458 1679 2348 5679
CYCLE 1257 3468 1259 4678 2359 1478 3569 1278 3469
CYCLE 1269 3478 1569 2378 1456 2389 1457 2369 4578
CYCLE 1356 2478 1359 2678 3459 1678 2349 1567 2489
CYCLE 1467 2358 1479 2356 1489 2367 1589 3467 2589
CYCLE 1256 3479 1568 2479 1368 2459 3678 1459 2368 1579 2346 1578 2469 1378 2569 1347 2568 1379 4568 2379 1458 2679 1348 2579 1468 3579 2468 1357 2689 1345 2789 1346 2578 1349 2567 3489 1267 4589 1367 2458 1369 2457 1389 2456 3789
STEP 43
REMOVE 1257-3469 1346-2578 1348-2579 2567-3489
ADD 1257-3489 1346-2579 1348-2567 2578-3469
CYCLE 1234 5678 1239 4567 1289 3456 1789 2345 6789
CYCLE 1235 4689 2357 1469 3578 1246 5789 1236 4789
CYCLE 1237 4569 1238 4579 1268 3457 1689 2347 5689
CYCLE 1245 3679 1258 4679 1358 2467 3589 1247 3689
CYCLE 1248 3567 1249 3568 1279 3458 1679 2348 5679
CYCLE 1269 3478 1569 2378 1456 2389 1457 2369 4578
CYCLE 1345 2689 1357 2468 3579 1468 2579 1346 2789
CYCLE 1356 2478 1359 2678 3459 1678 2349 1567 2489
CYCLE 1467 2358 1479 2356 1489 2367 1589 3467 2589
CYCLE 1256 3479 1568 2479 1368 2459 3678 1459 2368 1579 2346 1578 2469 1378 2569 1347 2568 1379 4568 2379 1458 2679 1348 2567 1349 2578 3469 1278 3569 1478 2359 4678 1259 3468 1257 3489 1267 4589 1367 2458 1369 2457 1389 2456 3789
STEP 44
REMOVE 1348-2567 1368-2459 1378-2569 1389-2457
ADD 1348-2569 1368-2457 1378-2459 1389-2567
CYCLE 1234 5678 1239 4567 1289 3456 1789 2345 6789
CYCLE 1235 4689 2357 1469 3578 1246 5789 1236 4789
CYCLE 1237 4569 1238 4579 1268 3457 1689 2347 5689
CYCLE 1245 3679 1258 4679 1358 2467 3589 1247 3689
CYCLE 1248 3567 1249 3568 1279 3458 1679 2348 5679
CYCLE 1269 3478 1569 2378 1456 2389 1457 2369 4578
CYCLE 1345 2689 1357 2468 3579 1468 2579 1346 2789
CYCLE 1347 2568 1379 4568 2379 1458 2679 1348 2569
CYCLE 1356 2478 1359 2678 3459 1678 2349 1567 2489
CYCLE 1378 2459 3678 1459 2368 1579 2346 1578 2469
CYCLE 1467 2358 1479 2356 1489 2367 1589 3467 2589
CYCLE 1256 3479 1568 2479 1368 2457 1369 2458 1367 4589 1267 3489 1257 3468 1259 4678 2359 1478 3569 1278 3469 2578 1349 2567 1389 2456 3789
STEP 45
REMOVE 1257-3489 1369-2457 1389-2567 2578-3469
ADD 1257-3469 1369-2578 1389-2457 2567-3489
CYCLE 1234 5678 1239 4567 1289 3456 1789 2345 6789
CYCLE 1235 4689 2357 1469 3578 1246 5789 1236 4789
CYCLE 1237 4569 1238 4579 1268 3457 1689 2347 5689
CYCLE 1245 3679 1258 4679 1358 2467 3589 1247 3689
CYCLE 1248 3567 1249 3568 1279 3458 1679 2348 5679
CYCLE 1256 3479 1568 2479 1368 2457 1389 2456 3789
CYCLE 1257 3468 1259 4678 2359 1478 3569 1278 3469
CYCLE 1267 3489 2567 1349 2578 1369 2458 1367 4589
CYCLE 1269 3478 1569 2378 1456 2389 1457 2369 4578
CYCLE 1345 2689 1357 2468 3579 1468 2579 1346 2789
CYCLE 1347 2568 1379 4568 2379 1458 2679 1348 2569
CYCLE 1356 2478 1359 2678 3459 1678 2349 1567 2489
CYCLE 1378 2459 3678 1459 2368 1579 2346 1578 2469
CYCLE 1467 2358 1479 2356 1489 2367 1589 3467 2589
