START_MERGES 2
TARGET_MERGES 4
BIG_OVERLAP 13
PROGRESS seen 28 expanded 2 overlap 15
PROGRESS seen 67 expanded 3 overlap 17
PROGRESS seen 93 expanded 4 overlap 19
PROGRESS seen 118 expanded 5 overlap 20
PROGRESS seen 144 expanded 6 overlap 22
PROGRESS seen 172 expanded 7 overlap 23
PROGRESS seen 197 expanded 8 overlap 24
PROGRESS seen 228 expanded 9 overlap 26
PROGRESS seen 254 expanded 10 overlap 28
PROGRESS seen 280 expanded 11 overlap 29
PROGRESS seen 307 expanded 12 overlap 30
PROGRESS seen 381 expanded 15 overlap 31
PROGRESS seen 427 expanded 17 overlap 32
PROGRESS seen 521 expanded 21 overlap 33
PROGRESS seen 550 expanded 22 overlap 35
PROGRESS seen 598 expanded 24 overlap 37
PROGRESS seen 12257 expanded 638 overlap 38
PROGRESS seen 12284 expanded 639 overlap 40
SEARCH seen 12284 expanded 639 distance 37
STEP 0
CYCLE 123 456 178 234 567 128 345 678
CYCLE 124 356 478 125 346 578 126 347 568 127 348 156 278 134 256 378
CYCLE 135 246 357 468 157 268 137 248
CYCLE 235 467 158 236 457 168 237 458 167 238 145 267 138 245 367 148
CYCLE 136 247 358 146 257 368 147 258
STEP 1
REMOVE [('235', '148'), ('356', '478')]
ADD [('235', '478'), ('356', '148')]
CYCLE 123 456 178 234 567 128 345 678
CYCLE 124 356 148 367 245 138 267 145 238 167 458 237 168 457 236 158 467 235 478 125 346 578 126 347 568 127 348 156 278 134 256 378
CYCLE 135 246 357 468 157 268 137 248
CYCLE 136 247 358 146 257 368 147 258
STEP 2
REMOVE [('135', '246'), ('267', '138')]
ADD [('135', '267'), ('246', '138')]
CYCLE 123 456 178 234 567 128 345 678
CYCLE 124 356 148 367 245 138 246 357 468 157 268 137 248 135 267 145 238 167 458 237 168 457 236 158 467 235 478 125 346 578 126 347 568 127 348 156 278 134 256 378
CYCLE 136 247 358 146 257 368 147 258
STEP 3
REMOVE [('235', '467'), ('167', '238')]
ADD [('235', '167'), ('467', '238')]
CYCLE 123 456 178 234 567 128 345 678
CYCLE 124 356 148 367 245 138 246 357 468 157 268 137 248 135 267 145 238 467 158 236 457 168 237 458 167 235 478 125 346 578 126 347 568 127 348 156 278 134 256 378
CYCLE 136 247 358 146 257 368 147 258
STEP 4
REMOVE [('237', '458'), ('367', '148')]
ADD [('237', '148'), ('367', '458')]
CYCLE 123 456 178 234 567 128 345 678
CYCLE 124 356 148 237 168 457 236 158 467 238 145 267 135 248 137 268 157 468 357 246 138 245 367 458 167 235 478 125 346 578 126 347 568 127 348 156 278 134 256 378
CYCLE 136 247 358 146 257 368 147 258
STEP 5
REMOVE [('145', '238'), ('236', '457')]
ADD [('145', '236'), ('457', '238')]
CYCLE 123 456 178 234 567 128 345 678
CYCLE 124 356 148 237 168 457 238 467 158 236 145 267 135 248 137 268 157 468 357 246 138 245 367 458 167 235 478 125 346 578 126 347 568 127 348 156 278 134 256 378
CYCLE 136 247 358 146 257 368 147 258
STEP 6
REMOVE [('156', '348'), ('256', '378')]
ADD [('156', '378'), ('256', '348')]
CYCLE 123 456 178 234 567 128 345 678
CYCLE 124 356 148 237 168 457 238 467 158 236 145 267 135 248 137 268 157 468 357 246 138 245 367 458 167 235 478 125 346 578 126 347 568 127 348 256 134 278 156 378
CYCLE 136 247 358 146 257 368 147 258
STEP 7
REMOVE [('125', '478'), ('156', '378')]
ADD [('125', '378'), ('156', '478')]
CYCLE 123 456 178 234 567 128 345 678
CYCLE 124 356 148 237 168 457 238 467 158 236 145 267 135 248 137 268 157 468 357 246 138 245 367 458 167 235 478 156 278 134 256 348 127 568 347 126 578 346 125 378
CYCLE 136 247 358 146 257 368 147 258
STEP 8
REMOVE [('246', '357'), ('157', '268')]
ADD [('246', '157'), ('357', '268')]
CYCLE 123 456 178 234 567 128 345 678
CYCLE 124 356 148 237 168 457 238 467 158 236 145 267 135 248 137 268 357 468 157 246 138 245 367 458 167 235 478 156 278 134 256 348 127 568 347 126 578 346 125 378
CYCLE 136 247 358 146 257 368 147 258
STEP 9
REMOVE [('137', '268'), ('347', '568')]
ADD [('137', '568'), ('347', '268')]
CYCLE 123 456 178 234 567 128 345 678
CYCLE 124 356 148 237 168 457 238 467 158 236 145 267 135 248 137 568 127 348 256 134 278 156 478 235 167 458 367 245 138 246 157 468 357 268 347 126 578 346 125 378
CYCLE 136 247 358 146 257 368 147 258
STEP 10
REMOVE [('125', '346'), ('127', '348')]
ADD [('125', '348'), ('346', '127')]
CYCLE 123 456 178 234 567 128 345 678
CYCLE 124 356 148 237 168 457 238 467 158 236 145 267 135 248 137 568 127 346 578 126 347 268 357 468 157 246 138 245 367 458 167 235 478 156 278 134 256 348 125 378
CYCLE 136 247 358 146 257 368 147 258
STEP 11
REMOVE [('246', '157'), ('346', '578')]
ADD [('246', '578'), ('346', '157')]
CYCLE 123 456 178 234 567 128 345 678
CYCLE 124 356 148 237 168 457 238 467 158 236 145 267 135 248 137 568 127 346 157 468 357 268 347 126 578 246 138 245 367 458 167 235 478 156 278 134 256 348 125 378
CYCLE 136 247 358 146 257 368 147 258
STEP 12
REMOVE [('124', '356'), ('127', '568')]
ADD [('124', '568'), ('356', '127')]
CYCLE 123 456 178 234 567 128 345 678
CYCLE 124 568 137 248 135 267 145 236 158 467 238 457 168 237 148 356 127 346 157 468 357 268 347 126 578 246 138 245 367 458 167 235 478 156 278 134 256 348 125 378
CYCLE 136 247 358 146 257 368 147 258
STEP 13
REMOVE [('246', '138'), ('467', '158')]
ADD [('246', '158'), ('467', '138')]
CYCLE 123 456 178 234 567 128 345 678
CYCLE 124 568 137 248 135 267 145 236 158 246 578 126 347 268 357 468 157 346 127 356 148 237 168 457 238 467 138 245 367 458 167 235 478 156 278 134 256 348 125 378
CYCLE 136 247 358 146 257 368 147 258
STEP 14
REMOVE [('245', '367'), ('137', '248')]
ADD [('245', '137'), ('367', '248')]
CYCLE 123 456 178 234 567 128 345 678
CYCLE 124 568 137 245 138 467 238 457 168 237 148 356 127 346 157 468 357 268 347 126 578 246 158 236 145 267 135 248 367 458 167 235 478 156 278 134 256 348 125 378
CYCLE 136 247 358 146 257 368 147 258
STEP 15
REMOVE [('245', '137'), ('167', '458')]
ADD [('245', '167'), ('137', '458')]
CYCLE 123 456 178 234 567 128 345 678
CYCLE 124 568 137 458 367 248 135 267 145 236 158 246 578 126 347 268 357 468 157 346 127 356 148 237 168 457 238 467 138 245 167 235 478 156 278 134 256 348 125 378
CYCLE 136 247 358 146 257 368 147 258
STEP 16
REMOVE [('145', '267'), ('367', '458')]
ADD [('145', '367'), ('267', '458')]
CYCLE 123 456 178 234 567 128 345 678
CYCLE 124 568 137 458 267 135 248 367 145 236 158 246 578 126 347 268 357 468 157 346 127 356 148 237 168 457 238 467 138 245 167 235 478 156 278 134 256 348 125 378
CYCLE 136 247 358 146 257 368 147 258
STEP 17
REMOVE [('137', '458'), ('367', '248')]
ADD [('137', '248'), ('367', '458')]
CYCLE 123 456 178 234 567 128 345 678
CYCLE 124 568 137 248 135 267 458 367 145 236 158 246 578 126 347 268 357 468 157 346 127 356 148 237 168 457 238 467 138 245 167 235 478 156 278 134 256 348 125 378
CYCLE 136 247 358 146 257 368 147 258
STEP 18
REMOVE [('135', '248'), ('357', '468')]
ADD [('135', '468'), ('357', '248')]
CYCLE 123 456 178 234 567 128 345 678
CYCLE 124 568 137 248 357 268 347 126 578 246 158 236 145 367 458 267 135 468 157 346 127 356 148 237 168 457 238 467 138 245 167 235 478 156 278 134 256 348 125 378
CYCLE 136 247 358 146 257 368 147 258
STEP 19
REMOVE [('356', '148'), ('357', '248')]
ADD [('356', '248'), ('357', '148')]
CYCLE 123 456 178 234 567 128 345 678
CYCLE 124 568 137 248 356 127 346 157 468 135 267 458 367 145 236 158 246 578 126 347 268 357 148 237 168 457 238 467 138 245 167 235 478 156 278 134 256 348 125 378
CYCLE 136 247 358 146 257 368 147 258
STEP 20
REMOVE [('135', '468'), ('235', '478')]
ADD [('135', '478'), ('235', '468')]
CYCLE 123 456 178 234 567 128 345 678
CYCLE 124 568 137 248 356 127 346 157 468 235 167 245 138 467 238 457 168 237 148 357 268 347 126 578 246 158 236 145 367 458 267 135 478 156 278 134 256 348 125 378
CYCLE 136 247 358 146 257 368 147 258
STEP 21
REMOVE [('124', '378'), ('145', '367')]
ADD [('124', '367'), ('145', '378')]
CYCLE 123 456 178 234 567 128 345 678
CYCLE 124 367 458 267 135 478 156 278 134 256 348 125 378 145 236 158 246 578 126 347 268 357 148 237 168 457 238 467 138 245 167 235 468 157 346 127 356 248 137 568
CYCLE 136 247 358 146 257 368 147 258
STEP 22
REMOVE [('124', '367'), ('356', '248')]
ADD [('124', '356'), ('367', '248')]
CYCLE 123 456 178 234 567 128 345 678
CYCLE 124 356 127 346 157 468 235 167 245 138 467 238 457 168 237 148 357 268 347 126 578 246 158 236 145 378 125 348 256 134 278 156 478 135 267 458 367 248 137 568
CYCLE 136 247 358 146 257 368 147 258
STEP 23
REMOVE [('125', '348'), ('126', '347')]
ADD [('125', '347'), ('126', '348')]
CYCLE 123 456 178 234 567 128 345 678
CYCLE 124 356 127 346 157 468 235 167 245 138 467 238 457 168 237 148 357 268 347 125 378 145 236 158 246 578 126 348 256 134 278 156 478 135 267 458 367 248 137 568
CYCLE 136 247 358 146 257 368 147 258
STEP 24
REMOVE [('246', '158'), ('346', '157')]
ADD [('246', '157'), ('346', '158')]
CYCLE 123 456 178 234 567 128 345 678
CYCLE 124 356 127 346 158 236 145 378 125 347 268 357 148 237 168 457 238 467 138 245 167 235 468 157 246 578 126 348 256 134 278 156 478 135 267 458 367 248 137 568
CYCLE 136 247 358 146 257 368 147 258
STEP 25
REMOVE [('125', '347'), ('346', '158')]
ADD [('125', '346'), ('347', '158')]
CYCLE 123 456 178 234 567 128 345 678
CYCLE 124 356 127 346 125 378 145 236 158 347 268 357 148 237 168 457 238 467 138 245 167 235 468 157 246 578 126 348 256 134 278 156 478 135 267 458 367 248 137 568
CYCLE 136 247 358 146 257 368 147 258
STEP 26
REMOVE [('125', '378'), ('256', '348')]
ADD [('125', '348'), ('256', '378')]
CYCLE 123 456 178 234 567 128 345 678
CYCLE 124 356 127 346 125 348 126 578 246 157 468 235 167 245 138 467 238 457 168 237 148 357 268 347 158 236 145 378 256 134 278 156 478 135 267 458 367 248 137 568
CYCLE 136 247 358 146 257 368 147 258
STEP 27
REMOVE [('125', '346'), ('157', '468')]
ADD [('125', '468'), ('346', '157')]
CYCLE 123 456 178 234 567 128 345 678
CYCLE 124 356 127 346 157 246 578 126 348 125 468 235 167 245 138 467 238 457 168 237 148 357 268 347 158 236 145 378 256 134 278 156 478 135 267 458 367 248 137 568
CYCLE 136 247 358 146 257 368 147 258
STEP 28
REMOVE [('126', '348'), ('256', '378')]
ADD [('126', '378'), ('256', '348')]
CYCLE 123 456 178 234 567 128 345 678
CYCLE 124 356 127 346 157 246 578 126 378 145 236 158 347 268 357 148 237 168 457 238 467 138 245 167 235 468 125 348 256 134 278 156 478 135 267 458 367 248 137 568
CYCLE 136 247 358 146 257 368 147 258
STEP 29
REMOVE [('246', '157'), ('357', '268')]
ADD [('246', '357'), ('157', '268')]
CYCLE 123 456 178 234 567 128 345 678
CYCLE 124 356 127 346 157 268 347 158 236 145 378 126 578 246 357 148 237 168 457 238 467 138 245 167 235 468 125 348 256 134 278 156 478 135 267 458 367 248 137 568
CYCLE 136 247 358 146 257 368 147 258
STEP 30
REMOVE [('126', '378'), ('246', '357')]
ADD [('126', '357'), ('246', '378')]
CYCLE 123 456 178 234 567 128 345 678
CYCLE 124 356 127 346 157 268 347 158 236 145 378 246 578 126 357 148 237 168 457 238 467 138 245 167 235 468 125 348 256 134 278 156 478 135 267 458 367 248 137 568
CYCLE 136 247 358 146 257 368 147 258
STEP 31
REMOVE [('145', '236'), ('157', '268')]
ADD [('145', '268'), ('236', '157')]
CYCLE 123 456 178 234 567 128 345 678
CYCLE 124 356 127 346 157 236 158 347 268 145 378 246 578 126 357 148 237 168 457 238 467 138 245 167 235 468 125 348 256 134 278 156 478 135 267 458 367 248 137 568
CYCLE 136 247 358 146 257 368 147 258
STEP 32
REMOVE [('126', '357'), ('347', '268')]
ADD [('126', '347'), ('357', '268')]
CYCLE 123 456 178 234 567 128 345 678
CYCLE 124 356 127 346 157 236 158 347 126 578 246 378 145 268 357 148 237 168 457 238 467 138 245 167 235 468 125 348 256 134 278 156 478 135 267 458 367 248 137 568
CYCLE 136 247 358 146 257 368 147 258
STEP 33
REMOVE [('236', '158'), ('367', '458')]
ADD [('236', '458'), ('367', '158')]
CYCLE 123 456 178 234 567 128 345 678
CYCLE 124 356 127 346 157 236 458 267 135 478 156 278 134 256 348 125 468 235 167 245 138 467 238 457 168 237 148 357 268 145 378 246 578 126 347 158 367 248 137 568
CYCLE 136 247 358 146 257 368 147 258
STEP 34
REMOVE [('125', '468'), ('346', '157')]
ADD [('125', '346'), ('157', '468')]
CYCLE 123 456 178 234 567 128 345 678
CYCLE 124 356 127 346 125 348 256 134 278 156 478 135 267 458 236 157 468 235 167 245 138 467 238 457 168 237 148 357 268 145 378 246 578 126 347 158 367 248 137 568
CYCLE 136 247 358 146 257 368 147 258
STEP 35
REMOVE [('125', '346'), ('367', '158')]
ADD [('125', '367'), ('346', '158')]
CYCLE 123 456 178 234 567 128 345 678
CYCLE 124 356 127 346 158 347 126 578 246 378 145 268 357 148 237 168 457 238 467 138 245 167 235 468 157 236 458 267 135 478 156 278 134 256 348 125 367 248 137 568
CYCLE 136 247 358 146 257 368 147 258
STEP 36
REMOVE [('125', '367'), ('145', '378')]
ADD [('125', '378'), ('145', '367')]
CYCLE 123 456 178 234 567 128 345 678
CYCLE 124 356 127 346 158 347 126 578 246 378 125 348 256 134 278 156 478 135 267 458 236 157 468 235 167 245 138 467 238 457 168 237 148 357 268 145 367 248 137 568
CYCLE 136 247 358 146 257 368 147 258
STEP 37
REMOVE [('145', '367'), ('267', '458')]
ADD [('145', '267'), ('367', '458')]
CYCLE 123 456 178 234 567 128 345 678
CYCLE 124 356 127 346 158 347 126 578 246 378 125 348 256 134 278 156 478 135 267 145 268 357 148 237 168 457 238 467 138 245 167 235 468 157 236 458 367 248 137 568
CYCLE 136 247 358 146 257 368 147 258
STEP 38
REMOVE [('236', '157'), ('346', '158')]
ADD [('236', '158'), ('346', '157')]
CYCLE 123 456 178 234 567 128 345 678
CYCLE 124 356 127 346 157 468 235 167 245 138 467 238 457 168 237 148 357 268 145 267 135 478 156 278 134 256 348 125 378 246 578 126 347 158 236 458 367 248 137 568
CYCLE 136 247 358 146 257 368 147 258
STEP 39
REMOVE [('145', '267'), ('236', '458')]
ADD [('145', '236'), ('267', '458')]
CYCLE 123 456 178 234 567 128 345 678
CYCLE 124 356 127 346 157 468 235 167 245 138 467 238 457 168 237 148 357 268 145 236 158 347 126 578 246 378 125 348 256 134 278 156 478 135 267 458 367 248 137 568
CYCLE 136 247 358 146 257 368 147 258
STEP 40
REMOVE [('235', '468'), ('237', '168')]
ADD [('235', '168'), ('237', '468')]
CYCLE 123 456 178 234 567 128 345 678
CYCLE 124 356 127 346 157 468 237 148 357 268 145 236 158 347 126 578 246 378 125 348 256 134 278 156 478 135 267 458 367 248 137 568
CYCLE 235 167 245 138 467 238 457 168
CYCLE 136 247 358 146 257 368 147 258
STEP 41
REMOVE [('236', '158'), ('346', '157')]
ADD [('236', '157'), ('346', '158')]
CYCLE 123 456 178 234 567 128 345 678
CYCLE 124 356 127 346 158 347 126 578 246 378 125 348 256 134 278 156 478 135 267 458 367 248 137 568
CYCLE 235 167 245 138 467 238 457 168
CYCLE 145 236 157 468 237 148 357 268
CYCLE 136 247 358 146 257 368 147 258
STEP 42
REMOVE [('125', '348'), ('346', '127')]
ADD [('125', '346'), ('127', '348')]
CYCLE 123 456 178 234 567 128 345 678
CYCLE 124 356 127 348 256 134 278 156 478 135 267 458 367 248 137 568
CYCLE 125 346 158 347 126 578 246 378
CYCLE 235 167 245 138 467 238 457 168
CYCLE 145 236 157 468 237 148 357 268
CYCLE 136 247 358 146 257 368 147 258
STEP 43
REMOVE [('127', '348'), ('267', '458')]
ADD [('127', '458'), ('267', '348')]
CYCLE 123 456 178 234 567 128 345 678
CYCLE 124 356 127 458 367 248 137 568
CYCLE 134 256 348 267 135 478 156 278
CYCLE 125 346 158 347 126 578 246 378
CYCLE 235 167 245 138 467 238 457 168
CYCLE 145 236 157 468 237 148 357 268
CYCLE 136 247 358 146 257 368 147 258
