0
1
25
33
37
38
39
48
49
97
111
164
165
209
219
225
379
438
439
440
441
443
444
445
483
535
588
589
600
605
651
653
713
733
769
773
777
797
832
833
889
907
913
981
993
994
995
999
1001
1003
1023
1027
1052
1053
1069
1089
1121
1122
1123
1125
1155
1260
1263
1279
1281
1347
1443
1455
1457
1458
1459
1460
1484
1485
1489
1493
1495
1559
1619
1641
1649
1653
1705
1725
1727
1748
1749
1757
1769
1781
1782
1783
1787
1789
1791
1794
1795
1796
1797
1809
1829
1837
1847
1891
1949
1965
1981
1983
2041
2065
2097
2183
2197
2283
2285
2289
2332
2333
2359
2422
2429
2444
2481
2482
2485
2539
2613
2633
2701
2708
2709
2727
2745
2923
2979
2981
3043
3073
3143
3147
3219
3226
3245
3247
3283
3305
3329
3330
3331
3342
3343
3372
3373
3376
3377
3379
3443
3481
3493
3561
3563
3587
3588
3643
3691
3727
3729
3769
3793
3809
3867
3873
3877
3878
3879
3899
3957
3987
4009
4011
4019
4021
4115
4119
4121
4123
4128
4129
4217
4218
4265
4267
4315
4316
4355
4357
4490
4491
4537
4650
4651
4675
4705
4749
4789
4795
4817
4823
4847
4857
4900
4909
4911
4915
4957
4961
4967
4969
5015
5037
5087
5089
5125
5273
5313
5361
5383
5393
5418
5419
5421
5431
5451
5476
5477
5503
5504
5505
5532
5537
5585
5587
5605
5618
5619
5659
5715
5742
5743
5792
5793
5839
5855
5889
5955
5956
5957
5977
5985
6015
6071
6073
6127
6128
6129
6135
6177
6251
6269
6303
6317
6319
6399
6405
6441
6481
6503
6507
6535
6541
6549
6583
6587
6621
6633
6637
6747
6753
6807
6810
6823
6826
6855
6885
6889
6991
7003
7031
7032
7033
7047
7049
7111
7115
7200
7201
7255
7266
7267
7286
7287
7290
7291
7303
7312
7345
7391
7393
7413
7429
7460
7529
7535
7537
7590
7591
7611
7614
7615
7621
7623
7775
7781
7789
7795
7805
7853
7897
7919
8002
8005
8007
8041
8097
8103
8105
8131
8134
8135
8165
8245
8247
8287
8315
8317
8319
8453
8477
8547
8549
8581
8619
8635
8638
8677
8699
8700
8703
8723
8724
8725
8727
8767
8803
8815
8817
8820
8823
8884
8885
8891
8935
8952
8953
8957
8958
8959
8975
8999
9019
9023
9047
9049
9050
9065
9067
9069
9070
9071
9095
9126
9127
9135
9137
9141
9151
9165
9177
9263
9355
9359
9435
9465
9467
9535
9549
9574
9575
9609
9611
9713
9771
9782
9783
9791
9809
9811
9828
9833
9835
9836
9837
9845
9863
9873
9881
9917
9933
9937
9965
9987
10019
10091
10101
10125
10135
10139
10163
10261
10305
10351
10421
10437
10439
10441
10443
10479
10517
10519
10534
10535
10550
10551
10570
10571
10588
10589
10607
10646
10647
10659
10732
10742
10743
10814
10815
10817
10900
10901
10951
10979
10983
11011
11012
11031
11037
11039
11101
11109
11125
11185
11315
11319
11322
11323
11325
11336
11337
11345
11347
11373
11375
11393
11418
11419
11467
11484
11485
11487
11488
11492
11493
11495
11511
11623
11681
11703
11753
11769
11804
11805
11833
11841
11869
11871
11877
11881
11937
11938
11939
11951
11977
11993
11997
12025
12047
12078
12079
12087
12113
12123
12157
12186
12187
12191
12203
12231
12234
12235
12236
12247
12255
12257
12345
12427
12467
12512
12569
12577
12627
12655
12787
12803
12821
12920
12921
12933
12986
12987
13008
13009
13010
13015
13017
13021
13038
13039
13045
13049
13057
13104
13105
13118
13119
13131
13161
13205
13211
13213
13217
13233
13241
13256
13259
13327
13367
13395
13407
13419
13448
13461
13482
13483
13515
13519
13521
13564
13565
13597
13623
13661
13745
13752
13773
13786
13787
13789
13791
13813
13817
13841
13857
13869
13917
13919
13933
13953
13981
13989
14001
14023
14036
14037
14054
14055
14059
14063
14191
14207
14253
14263
14451
14479
14481
14515
14523
14549
14575
14605
14618
14619
14647
14649
14677
14723
14727
14747
14811
14833
14867
14873
14909
14914
14915
14916
14945
14965
15033
15045
15165
15173
15192
15193
15199
15235
15257
15312
15313
15319
15341
15343
15345
15363
15397
15455
15475
15482
15493
15512
15513
15531
15533
15534
15535
15536
15537
15777
15831
15835
15847
15943
15959
15981
16039
16061
16065
16073
16077
16085
16107
16115
16128
16129
16168
16169
16241
16309
16487
16521
16576
16577
16581
16619
16631
16689
16722
16723
16724
16725
16821
16841
16863
16874
16875
16913
16926
16927
16945
17033
17037
17039
17041
17042
17069
17085
17091
17097
17153
17177
17201
17217
17225
17231
17239
17241
17293
17313
17329
17331
17333
17349
17363
17369
17493
17565
17567
17686
17687
17691
17752
17753
17771
17790
17791
17795
17797
17799
17803
17845
17847
17877
17919
17935
17941
17991
18025
18063
18117
18119
18123
18147
18155
18180
18181
18183
18187
18207
18275
18285
18299
18325
18327
18329
18341
18343
18382
18383
18427
18431
18433
18439
18453
18459
18485
18521
18525
18531
18598
18601
18661
18663
18697
18710
18711
18751
18847
18901
18905
18911
18913
19025
19101
19103
19108
19109
19113
19115
19125
19126
19211
19255
19290
19295
19297
19316
19317
19321
19322
19323
19326
19353
19354
19355
19381
19402
19435
19465
19503
19515
19681
19700
19701
19763
19773
19774
19775
19807
19817
19821
19822
19823
19839
19845
19865
19867
19950
19951
20043
20119
20147
20195
20271
20272
20377
20385
20386
20387
20389
20520
20521
20527
20663
20717
20755
20763
20765
20801
20805
20807
20809
20813
20819
20821
20841
20875
20890
20891
20905
20907
20920
20990
20991
21011
21019
21031
21093
21131
21143
21150
21151
21185
21186
21191
21217
21219
21235
21255
21305
21322
21323
21381
21400
21401
21473
21475
21513
21545
21547
21597
21619
21724
21725
21742
21743
21745
21811
21823
21835
21845
21943
21961
21965
21971
22033
22103
22145
22155
22163
22245
22246
22308
22309
22313
22315
22373
22391
22401
22416
22417
22459
22525
22541
22567
22595
22598
22629
22703
22777
22799
22822
22827
22891
22895
22933
22939
22953
22956
22957
23011
23035
23070
23071
23085
23168
23169
23211
23213
23215
23231
23286
23291
23323
23386
23387
23547
23556
23557
23579
23633
23635
23703
23763
23769
23793
23863
23905
23907
23929
23933
23987
24060
24061
24063
24075
24077
24093
24095
24195
24265
24278
24279
24281
24293
24307
24315
24318
24321
24407
24421
24425
24443
24465
24466
24467
24485
24493
24509
24591
24603
24605
24655
24722
24723
24778
24779
24793
24818
24819
24823
24831
24833
24839
24855
24877
24955
24957
24959
24999
25000
25015
25039
25087
25099
25101
25123
25213
25243
25255
25287
25349
25373
25485
25487
25514
25522
25557
25569
25627
25631
25640
25641
25643
25669
25683
25731
25791
25792
25806
25807
25809
25885
25891
25913
25974
25981
25987
26071
26075
26076
26077
26101
26125
26133
26142
26143
26183
26213
26245
26273
26299
26345
26373
26385
26433
26434
26435
26507
26533
26570
26571
26619
26626
26673
26675
26715
26741
26743
26747
26771
26779
26827
26839
26854
26855
26905
26915
26916
26917
26919
26920
26921
26927
26935
26936
26937
26989
27048
27053
27065
27067
27080
27125
27140
27141
27178
27181
27183
27201
27209
27297
27328
27329
27335
27349
27351
27373
27374
27375
27377
27383
27391
27449
27450
27451
27577
27603
27633
27635
27653
27707
27709
27771
27773
27783
27789
27793
27797
27822
27823
27825
27827
27840
27841
27852
27853
27878
27977
27986
27987
28031
28055
28123
28129
28175
28181
28231
28297
28301
28395
28415
28497
28517
28527
28537
28589
28630
28631
28657
28669
28693
28695
28791
28793
28797
28833
28835
28871
28879
28881
28903
28935
28991
29001
29062
29063
29069
29081
29095
29121
29125
29159
29170
29171
29191
29229
29231
29247
29267
29283
29299
29323
29333
29363
29365
29403
29406
29407
29455
29459
29471
29477
29503
29507
29525
29527
29559
29560
29561
29579
29581
29590
29591
29594
29595
29597
29603
29630
29649
29709
29757
29763
29775
29797
29799
29803
29867
29951
30030
30033
30141
30147
30169
30183
30222
30231
30241
30281
30289
30291
30341
30355
30365
30369
30371
30457
30473
30475
30496
30497
30499
30549
30551
30591
30597
30603
30625
30693
30695
30707
30731
30735
30783
30785
30787
30791
30815
30847
30875
30877
30879
30905
30987
30991
30995
31004
31005
31006
31007
31013
31055
31059
31063
31077
31099
31175
31177
31218
31221
31223
31236
31239
31248
31249
31251
31252
31259
31269
31295
31318
31319
31336
31337
31377
31379
31384
31385
31419
31445
31447
31449
31453
31511
31515
31521
31523
31524
31553
31617
31697
31735
31755
31793
31795
31799
31801
31809
31854
31879
31883
31893
31920
31921
31939
31973
31975
31983
31985
32055
32113
32115
32123
32153
32157
32159
32160
32291
32361
32407
32443
32482
32483
32491
32526
32529
32577
32627
32631
32657
32715
32717
32859
32901
32905
32939
32956
32957
32969
32971
33073
33076
33117
33145
33179
33185
33241
33245
33253
33257
33275
33277
33317
33321
33338
33389
33397
33421
33459
33471
33477
33520
33521
33529
33531
