63
119
125
126
127
191
247
253
254
255
303
315
317
319
347
349
350
351
367
375
379
381
382
383
413
415
431
443
445
447
475
477
478
479
495
502
503
506
507
508
509
510
574
590
606
622
630
636
637
638
678
686
694
702
718
734
742
750
758
764
765
789
797
805
813
821
825
827
829
845
853
857
859
860
861
869
877
885
889
891
892
924
932
940
948
952
953
954
971
983
985
986
994
999
1000
1006
1007
1008
1009
1010
1011
1012
1043
1059
1067
1075
1105
1107
1123
1131
1137
1138
1139
1171
1187
1195
1202
1203
1233
1235
1250
1251
1258
1259
1265
1266
1298
1314
1322
1328
1330
1358
1360
1362
1377
1378
1385
1386
1389
1392
1393
1423
1425
1441
1449
1453
1455
1456
1484
1486
1487
1502
1509
1512
1513
1560
1568
1576
1592
1606
1608
1624
1631
1632
1638
1639
1687
1695
1702
1718
1732
1748
1755
1783
1791
1799
1807
1815
1821
1838
1846
1850
1852
1853
1861
1868
1875
1876
1877
1878
1903
1918
1936
1959
1960
1961
1970
1971
1972
1973
1974
1975
1976
1977
1978
2006
2022
2038
2070
2086
2094
2101
2102
2134
2150
2166
2198
2214
2222
2228
2229
2260
2276
2288
2290
2291
2292
2320
2322
2323
2324
2340
2348
2352
2353
2354
2355
2385
2387
2403
2415
2417
2418
2446
2447
2448
2449
2462
2463
2471
2474
2475
2506
2522
2538
2570
2586
2594
2601
2632
2633
2641
2649
2657
2664
2693
2694
2695
2703
2708
2709
2715
2716
2721
2744
2752
2760
2768
2776
2780
2782
2783
2799
2807
2811
2813
2814
2822
2840
2870
2871
2879
2897
2923
2934
2938
2939
2968
2984
3000
3030
3031
3032
3048
3056
3062
3063
3094
3095
3111
3126
3156
3157
3170
3171
3172
3179
3183
3214
3230
3238
3242
3244
3245
3273
3275
3276
3291
3298
3301
3302
3332
3333
3385
3396
3431
3447
3478
3492
3515
3550
3558
3602
3613
3614
3615
3616
3617
3641
3656
3716
3754
3755
3756
3757
3770
3771
3772
3773
3774
3775
3776
3777
3778
3779
3780
3820
3828
3884
3890
3891
3892
3947
3954
3955
3986
4011
4017
4018
4065
4073
4077
4079
4081
4109
4112
4113
4129
4136
4137
4141
4143
4144
4173
4175
4191
4199
4203
4205
4206
4234
4236
4237
4259
4262
4263
4317
4325
4341
4357
4373
4381
4386
4387
4388
4427
4435
4443
4450
4466
4481
4489
4504
4505
4506
4507
4530
4538
4546
4554
4562
4566
4568
4585
4593
4597
4599
4600
4608
4622
4626
4649
4655
4664
4679
4680
4681
4682
4705
4706
4707
4719
4723
4724
4751
4767
4775
4783
4815
4831
4839
4845
4846
4877
4893
4901
4908
4938
4939
4954
4961
4996
5012
5020
5024
5025
5026
5055
5073
5080
5083
5084
5113
5137
5138
5139
5140
5163
5164
5165
5174
5175
5176
5182
5211
5227
5235
5258
5272
5295
5299
5397
5420
5435
5453
5495
5536
5552
5557
5558
5578
5594
5602
5610
5642
5658
5666
5672
5673
5704
5720
5728
5733
5734
5735
5766
5792
5822
5838
5846
5850
5851
5852
5853
5881
5883
5884
5906
5910
5939
5966
5989
5990
5991
5992
6003
6008
6037
6053
6061
6084
6125
6155
6163
6181
6207
6218
6222
6223
6245
6260
6278
6361
6377
6408
6424
6432
6469
6470
6526
6552
6589
6649
6732
6748
6749
6750
6751
6752
6753
6912
6969
6970
6971
6972
6973
6990
6991
6992
6993
6994
6995
6996
6997
6998
6999
7000
7001
7002
7058
7064
7065
7066
7128
7129
7184
7189
7190
7191
7237
7249
7251
7253
7280
7282
7283
7284
7300
7308
7312
7313
7314
7315
7344
7346
7362
7374
7375
7376
7377
7404
7406
7407
7429
7432
7433
7493
7508
7524
7540
7548
7554
7555
7594
7602
7610
7617
7632
7655
7660
7661
7673
7695
7703
7711
7719
7727
7731
7733
7749
7757
7761
7763
7764
7772
7790
7819
7828
7846
7882
7886
7887
7910
7926
7934
7942
7971
7973
7989
7997
8003
8004
8035
8051
8059
8066
8095
8111
8118
8119
8120
8121
8122
8152
8168
8176
8180
8182
8210
8212
8213
8228
8235
8238
8239
8268
8295
8332
8333
8334
8335
8336
8363
8379
8387
8409
8423
8446
8488
8542
8547
8569
8584
8639
8640
8641
8642
8643
8680
8681
8682
8683
8699
8704
8705
8733
8749
8780
8796
8804
8811
8842
8858
8873
8929
8974
8986
8988
8989
9016
9018
9019
9045
9074
9101
9126
9137
9169
9185
9253
9254
9255
9286
9294
9337
9348
9352
9353
9374
9389
9444
9445
9446
9447
9448
9485
9486
9487
9488
9500
9501
9502
9503
9510
9531
9547
9591
9592
9648
9710
9715
9872
9964
10026
10086
10107
10112
10113
10121
10129
10184
10190
10191
10245
10252
10282
10308
10353
10361
10365
10367
10395
10397
10398
10420
10421
10422
10423
10424
10452
10479
10520
10570
10592
10630
10631
10632
10633
10670
10724
10729
10750
10765
10824
10860
10861
10862
10863
10864
10879
10885
10904
10920
10928
10964
11087
11141
11182
11222
11237
11242
11243
11334
11455
11456
11457
11458
11459
11460
11461
11462
11463
11464
11465
11466
11467
11468
11469
11470
11471
11472
11473
11474
11475
11485
11501
11509
11627
11721
11762
11817
11914
12034
12054
12055
12056
12057
12058
12059
12289
12365
12366
12367
12368
12369
12371
12372
12373
12374
12375
12376
12377
12378
12379
12380
12381
12382
12383
12384
12386
12387
12388
12389
12390
12391
12392
12393
12394
12395
12396
12397
12398
12399
12442
12454
12456
12458
12485
12487
12488
12489
12504
12512
12516
12517
12518
12519
12547
12549
12564
12576
12578
12606
12608
12609
12630
12631
12632
12633
12634
12689
12704
12720
12735
12743
12749
12750
12787
12795
12803
12825
12840
12847
12862
12863
12864
12865
12885
12893
12900
12908
12916
12920
12922
12938
12946
12950
12952
12953
12960
12975
12976
12977
12978
13000
13006
13014
13032
13067
13071
13072
13087
13102
13110
13118
13147
13149
13164
13172
13178
13179
13209
13224
13232
13239
13268
13269
13283
13290
13294
13322
13337
13345
13349
13351
13379
13381
13396
13403
13406
13407
13435
13483
13484
13485
13501
13539
13547
13569
13583
13605
13645
13703
13723
13737
13795
13849
13853
13854
13866
13882
13913
13928
13936
13942
13943
13973
13988
14033
14058
14085
14100
14112
14114
14115
14142
14144
14145
14170
14198
14249
14259
14260
14261
14262
14263
14264
14287
14302
14332
14401
14408
14451
14461
14465
14466
14485
14499
14557
14612
14613
14614
14615
14616
14629
14644
14652
14688
14689
14743
14803
14953
14958
15099
15100
15101
15102
15103
15155
15156
15157
15158
15178
15183
15222
15228
15229
15281
15288
15318
15343
15385
15393
15397
15399
15427
15429
15430
15451
15455
15482
15548
15593
15615
15655
15690
15748
15767
15781
15839
15892
15908
15923
15931
15967
16082
16083
16084
16085
16137
16215
16230
16234
16235
16374
16375
16376
16377
16378
16430
16431
16432
16433
16448
16449
16450
16451
16461
16469
16584
16674
16767
16772
17124
17275
17276
17277
17278
17279
17280
17281
17282
17283
17284
17285
17286
17287
17288
17289
17290
17291
17292
17293
17294
17327
17352
17393
17405
17407
17434
17436
17437
17462
17489
17515
17554
17618
17693
17745
17746
17747
17748
17749
17750
17768
17782
17839
17896
17903
17918
17926
17961
18075
18076
18077
18078
18079
18220
18225
18364
18414
18415
18416
18417
18418
18436
18742
18881
18934
18952
18956
19081
19226
19230
19234
19435
19572
19628
19698
19824
19983
19984
19985
20315
20316
20317
20318
20319
20320
20321
20322
20323
20324
20325
20326
20327
20328
20329
20330
20331
20332
20333
20334
20335
20336
20351
20358
20366
20393
20395
20410
20417
20423
20424
20451
20466
20473
20480
20507
20522
20528
20555
20570
20577
20581
20583
20609
20611
20612
20626
20632
20635
20661
20686
20720
20721
20722
20723
20738
20753
20760
20781
20794
20815
20852
20903
20904
20905
20906
20921
20935
20989
21037
21041
21068
21083
21090
21096
21097
21124
21139
21227
21242
21253
21255
21256
21281
21283
21284
21308
21333
21358
21381
21391
21395
21410
21425
21453
21517
21524
21564
21574
21577
21578
21592
21606
21692
21693
21694
21725
21732
21766
21767
21817
21874
22240
22247
22275
22336
22343
22347
22349
22375
22377
22378
22398
22426
22451
22488
22524
22545
22583
22615
22669
22683
22697
22785
22798
22799
22800
22801
22802
22813
22820
23010
23081
23094
23098
23284
23285
23286
23377
23458
23542
23900
23901
23902
23955
23956
23957
23996
23998
23999
24023
24047
24072
24108
24162
24232
24281
24285
24298
24312
24422
24429
24462
24572
25129
25130
25131
25132
25202
25471
25472
25522
25523
25533
25534
25660
25778
26103
26334
26335
26336
26337
26338
26339
26340
26341
26352
26365
26471
26504
26730
26731
26732
26733
27122
27123
27124
27476
27477
28180
28181
28182
28183
28184
28185
28931
28938
28941
28943
28965
28967
28968
28986
29008
29080
29097
29131
29157
29209
29221
29325
29452
29636
29637
29684
29747
30088
30148
30189
30198
30210
30309
